    1.280       33 00100011   0.0063   0.0098  -0.0099  -0.0014    49    41    30    34   13.0   10.7    9.5    8.4    78    35    57    37
    1.320       34 00100011   0.0055  -0.0011  -0.0051  -0.0131    54    36    30    34   13.8    9.5    9.5    8.4    81    25    40    37
    1.360       35 00100011  -0.0044   0.0060  -0.0041  -0.0041    61    40    31    40   14.9   10.5    9.8    9.8    87    40    55    37
    1.400       36 00100011   0.0055   0.0017  -0.0049  -0.0073    68    36    32    29   15.8    9.5   10.1    7.0    92    28    43    40
    1.440       37 00100011   0.0124   0.0050  -0.0058  -0.0068    78    35    30    45   17.0    9.3    9.5   10.8    91    39    48    70
    1.480       38 00100011  -0.0188  -0.0308   0.0000  -0.0104    82    37    33    45   17.4    9.8   10.4   10.8    93    35    34    56
    1.520       39 00100011   0.0151  -0.0140  -0.0077   0.0025    79    37    32    38   17.1    9.8   10.1    9.3    94    47    27    63
    1.560       40 00100011   0.0203  -0.2431  -0.0082  -0.0623    71    31    25    38   16.2    8.2    8.0    9.3    87    14    59    64
    1.600       41 00100011  -0.0002   0.0406  -0.0036  -0.0043    62    31    23    43   15.0    8.2    7.2   10.4    90    26    56    35
    1.640       42 00100011   0.0043   0.0082  -0.0043  -0.0033    68    33    31    39   15.8    8.8    9.8    9.5    79    31    77    69
    1.680       43 00100011  -0.0129  -0.0138  -0.0008   0.0025    55    33    28    36   14.0    8.8    8.9    8.8    84    31    57    46
    1.720       44 00100011   0.0024  -0.2393  -0.0038   0.0613    63    33    32    35   15.2    8.8   10.1    8.6    90    35    47    44
    1.760       45 00100011   0.2359  -0.1894  -0.0639   0.0727    78    34    26    28   17.0    9.0    8.3    6.7    91    28    35    45
    1.800       46 00100011  -0.0072  -0.0154  -0.0026  -0.0036    75    30    29    32   16.7    8.0    9.2    7.8    90    42    35    38
    1.840       47 00100011   0.0098  -0.2545  -0.0080   0.0562    74    34    24    31   16.6    9.0    7.6    7.5    93    35    30    38
    1.880       48 00100011   0.0304  -0.0066  -0.0102  -0.0118    70    35    27    33   16.1    9.3    8.6    8.1    91    18    46    51
    1.920       49 00100011  -0.0272  -0.2080  -0.0014   0.0541    66    37    28    33   15.6    9.8    8.9    8.1    86    17    39    33
    1.960       50 00100011  -0.0115   0.1813  -0.0021  -0.0556    56    34    25    27   14.1    9.0    8.0    6.3    83    33    39    16
    2.000       51 00100011  -0.0350  -0.0182  -0.0007   0.0038    50    31    27    34   13.2    8.2    8.6    8.4    72    38    34    31
    2.040       52 00100011   0.0034  -0.0188  -0.0031  -0.0051    43    34    31    29   11.8    9.0    9.8    7.0    51    23     9    12
    2.080       53 00100011  -0.0234  -0.2506   0.0029   0.0673    41    31    24    35   11.4    8.2    7.6    8.6    70     8    33    24
    2.120       54 00100011  -0.0519  -0.2492   0.0000   0.0602    45    30    29    32   12.2    8.0    9.2    7.8    68    16    12    35
    2.160       55 00100011   0.0069  -0.0676  -0.0005  -0.0418    30    31    28    29    8.7    8.2    8.9    7.0    32    25    36    54
    2.200       56 00100011   0.0051   0.0656  -0.0127  -0.0153    29    32    28    29    8.4    8.5    8.9    7.0    32    17    31    14
    2.240       57 00100011  -0.0256   0.2369  -0.0080  -0.0684    32    26    27    33    9.3    6.7    8.6    8.1    23    28    38    38
    2.280       58 00100011   0.2239  -0.2870   0.0563   0.0671    30    34    23    30    8.7    9.0    7.2    7.3    27    13    34    17
    2.320       59 00100011   0.0010   0.0241   0.0024  -0.1277    28    33    27    29    8.1    8.8    8.6    7.0    24    43    39    57
    2.360       60 00100011   0.0219   0.2525  -0.0021  -0.0752    29    28    26    31    8.4    7.4    8.3    7.5    32    13    37    36
    2.400       61 00100011   0.0131   0.2762  -0.0001  -0.0746    29    30    24    31    8.4    8.0    7.6    7.5    21    24    57    33
    2.440       62 00100011  -0.0138   0.2041   0.0089  -0.0584    31    32    30    33    9.0    8.5    9.5    8.1    31    19    42    28
    2.480       63 00100011  -0.0060  -0.0134   0.0038  -0.1305    30    30    28    26    8.7    8.0    8.9    6.0    22    28    38    52
    2.520       64 00100011  -0.0066   0.1436   0.0076  -0.0318    28    30    29    29    8.1    8.0    9.2    7.0    15    18    49    27
    2.560       65 00100011  -0.2368  -0.0450  -0.0599  -0.1018    31    28    32    29    9.0    7.4   10.1    7.0    26    24    37    20
    2.600       66 00100011  -0.0109   0.0224   0.0121   0.0174    31    33    31    33    9.0    8.8    9.8    8.1    19    24    39    31
    2.640       67 00100011  -0.0160   0.2552   0.0079  -0.0561    29    35    29    32    8.4    9.3    9.2    7.8     9    29    48    33
    2.680       68 00100011   0.1786  -0.2526   0.0423  -0.0550    30    33    29    33    8.7    8.8    9.2    8.1     4    30    47    18
    2.720       69 00100011  -0.0303  -0.1648  -0.0326   0.0181    30    29    27    34    8.7    7.7    8.6    8.4    26    29    17    29
    2.760       70 00100011   0.0265   0.1258  -0.0027  -0.0159    29    35    30    41    8.4    9.3    9.5   10.0    22    27    29    18
    2.800       71 00100011  -0.2632  -0.0386  -0.0687  -0.0028    29    31    25    36    8.4    8.2    8.0    8.8    20    21    41    46
    2.840       72 00100011  -0.0217   0.0060  -0.0084  -0.0067    33    36    38    37    9.5    9.5   11.6    9.1    21    46    44    54
    2.880       73 00100011  -0.0262  -0.0245  -0.0127  -0.0211    33    33    28    34    9.5    8.8    8.9    8.4    33    28    54    10
    2.920       74 00100011  -0.0234  -0.0405  -0.0056  -0.0215    34    38    35    42    9.8   10.0   10.9   10.2    45    10    51    43
    2.960       75 00100011  -0.0248  -0.0247  -0.0039  -0.0097    32    32    36    44    9.3    8.5   11.1   10.6    31    21    58    41
    3.000       76 00100011   0.0059  -0.0247  -0.0081  -0.0128    30    32    27    42    8.7    8.5    8.6   10.2    34    35    65    62
    3.040       77 00100011  -0.0358  -0.0972  -0.0044  -0.0011    32    30    33    35    9.3    8.0   10.4    8.6    26    12    36    29
    3.080       78 00100011  -0.0006   0.0207  -0.0069  -0.0101    36    31    27    39   10.3    8.2    8.6    9.5    53    52    52    20
    3.120       79 00100011  -0.0513  -0.0736  -0.0066  -0.0222    30    34    30    37    8.7    9.0    9.5    9.1    30    14    51    44
    3.160       80 00100011   0.0449  -0.0342  -0.0032  -0.0052    32    34    28    35    9.3    9.0    8.9    8.6    31    31    53    37
    3.200       81 00100011   0.0177   0.0088  -0.0018  -0.0006    35    30    29    34   10.1    8.0    9.2    8.4    41    50    40    39
    3.240       82 00100011  -0.0226  -0.0152   0.0002  -0.0017    33    29    34    36    9.5    7.7   10.6    8.8    20    46    56    32
    3.280       83 00100011  -0.0298  -0.0405   0.0064  -0.0137    27    35    29    30    7.8    9.3    9.2    7.3    41    16    41    36
    3.320       84 00100011   0.0383   0.0377  -0.0125   0.0050    31    31    27    39    9.0    8.2    8.6    9.5    31    23    39    48
    3.360       85 00100011   0.0205  -0.0016   0.0044   0.0012    32    32    31    48    9.3    8.5    9.8   11.3    39    23    57    64
    3.400       86 00100011  -0.0236  -0.0263   0.0014   0.0060    31    31    25    39    9.0    8.2    8.0    9.5    22    12    35    48
    3.440       87 00100011   0.0113   0.0288   0.0041  -0.0001    32    34    28    40    9.3    9.0    8.9    9.8    35    36    49    60
    3.480       88 00100011   0.0213  -0.0042   0.0035   0.0037    33    31    21    41    9.5    8.2    6.4   10.0    33    42    40    38
    3.520       89 00100011  -0.0158  -0.0261  -0.0076  -0.0039    33    32    28    39    9.5    8.5    8.9    9.5    21    36    39    40
    3.560       90 00100011  -0.0270  -0.0346  -0.0012  -0.0022    36    36    30    45   10.3    9.5    9.5   10.8    33    32    58    62
    3.600       91 00100011   0.0040  -0.0087   0.0008  -0.0039    36    29    32    44   10.3    7.7   10.1   10.6    44    32    70    68
    3.640       92 00100011   0.0028  -0.0297  -0.0089  -0.0063    35    35    39    40   10.1    9.3   11.8    9.8    57    27    75    63
    3.680       93 00100011  -0.0060   0.0131  -0.0041  -0.0022    30    30    28    43    8.7    8.0    8.9   10.4    34    37    19    67
    3.720       94 00100011   0.0159   0.0000  -0.0017   0.0016    27    30    34    53    7.8    8.0   10.6   12.2     3    29    37    69
    3.760       95 00100011   0.0151   0.0151   0.0011   0.0013    31    30    31    39    9.0    8.0    9.8    9.5    25    35    69    65
    3.800       96 00100011  -0.0017   0.0238  -0.0096  -0.0065    34    39    29    50    9.8   10.2    9.2   11.7    21    24    40    53
    3.840       97 00100011  -0.0238   0.0232  -0.0043   0.0005    29    35    28    48    8.4    9.3    8.9   11.3    53    24    58    71
    3.880       98 00100011   0.0369   0.0015   0.0042  -0.0045    28    34    29    45    8.1    9.0    9.2   10.8    35    30    60    74
    3.920       99 00100011  -0.0695  -0.0330   0.0052   0.0005    27    36    29    48    7.8    9.5    9.2   11.3    34    33    26    70
    3.960      100 00100011  -0.0083  -0.0291   0.0192   0.0009    28    29    30    48    8.1    7.7    9.5   11.3    25    30    42    66
    4.000      101 00100011   0.0502   0.0043   0.0064   0.0011    30    33    30    46    8.7    8.8    9.5   11.0    12    24    51    68
    4.040      102 00100011   0.0704   0.0240   0.0011  -0.0026    35    29    30    49   10.1    7.7    9.5   11.5    22    33    21    44
    4.080      103 00100011  -0.0017   0.0432   0.0030   0.0037    32    35    29    44    9.3    9.3    9.2   10.6    25    48    63    71
    4.120      104 00100011   0.0561   0.0337   0.0129   0.0119    28    36    26    36    8.1    9.5    8.3    8.8     5    26    31    68
    4.160      105 00100011  -0.0070  -0.0138   0.0105  -0.0033    36    33    27    39   10.3    8.8    8.6    9.5    25    45    48    42
    4.200      106 00100011  -0.0309   0.0394   0.0058  -0.0052    28    32    28    39    8.1    8.5    8.9    9.5     8    34    41    55
    4.240      107 00100011   0.0096  -0.0119  -0.0137  -0.0030    30    38    26    35    8.7   10.0    8.3    8.6    29    37    38    28
    4.280      108 00100011   0.1363   0.0290   0.0464   0.0039    29    30    28    31    8.4    8.0    8.9    7.5     6    65    31    29
    4.320      109 00100011   0.0122  -0.0012  -0.0043   0.0007    32    34    28    31    9.3    9.0    8.9    7.5    33    48    28    50
    4.360      110 00100011   0.0147  -0.0125   0.0043   0.0032    32    30    26    35    9.3    8.0    8.3    8.6    20    38    52    39
    4.400      111 00100011  -0.0864   0.0333  -0.0328  -0.0140    27    42    27    43    7.8   10.9    8.6   10.4    24    38    27    32
    4.440      112 00100011  -0.0441   0.0094  -0.0266  -0.0177    29    32    24    30    8.4    8.5    7.6    7.3    36    20    20    22
    4.480      113 00100011  -0.0039   0.0735  -0.0054  -0.0108    29    37    30    31    8.4    9.8    9.5    7.5    32    26    29    13
    4.520      114 00100011  -0.0762  -0.0042  -0.0251  -0.0036    32    35    28    31    9.3    9.3    8.9    7.5    12    32    39    42
    4.560      115 00100011   0.0001   0.0191   0.0018  -0.0145    32    35    31    32    9.3    9.3    9.8    7.8    36    49    43    21
    4.600      116 00100011  -0.0129   0.0177  -0.0031  -0.0074    34    35    24    32    9.8    9.3    7.6    7.8    40    48    24    40
    4.640      117 00100011  -0.0114   0.1635  -0.0164  -0.0604    29    32    29    34    8.4    8.5    9.2    8.4    29    41    23    12
    4.680      118 00100011  -0.0239  -0.0152  -0.0228   0.0032    32    33    28    36    9.3    8.8    8.9    8.8    20    53     6    42
    4.720      119 00100011  -0.0639  -0.0148  -0.0213   0.0035    31    37    32    38    9.0    9.8   10.1    9.3     2    42    46    25
    4.760      120 00100011  -0.0657  -0.0180   0.0042   0.0087    30    30    27    38    8.7    8.0    8.6    9.3    24    39    25    29
    4.800      121 00100011  -0.0713  -0.0336  -0.0114  -0.0004    33    36    22    34    9.5    9.5    6.8    8.4    17    55    50    62
    4.840      122 00100011   0.0010   0.0096  -0.0036  -0.0041    31    31    26    31    9.0    8.2    8.3    7.5    24    47    27    44
    4.880      123 00100011  -0.0017   0.0175  -0.0052   0.0019    32    34    23    38    9.3    9.0    7.2    9.3    33    57    42    47
    4.920      124 00100011  -0.0397   0.0088   0.0087  -0.0076    29    34    31    38    8.4    9.0    9.8    9.3    41    46    27    39
    4.960      125 00100011  -0.0756   0.0361  -0.0036   0.0019    27    31    26    31    7.8    8.2    8.3    7.5    14    37    21    42
    5.000      126 00100011  -0.2434   0.0072  -0.0634  -0.0054    27    42    29    33    7.8   10.9    9.2    8.1    55    64    44    48
    5.040      127 00100011  -0.0284   0.0055   0.0002   0.0085    29    37    23    31    8.4    9.8    7.2    7.5    32    48    44    15
    5.080      128 00100011  -0.0391  -0.0471  -0.0047  -0.0006    31    39    29    37    9.0   10.2    9.2    9.1    23    35    37    19
    5.120      129 00100011  -0.1428  -0.0154  -0.0116  -0.0032    27    35    21    36    7.8    9.3    6.4    8.8    31    40    27     4
    5.160      130 00100011  -0.0799  -0.0275  -0.0032   0.0043    29    38    25    35    8.4   10.0    8.0    8.6    12    32    20    20
    5.200      131 00100011  -0.0190   0.0108   0.0037   0.0036    33    36    26    39    9.5    9.5    8.3    9.5    24    24    40    12
    5.240      132 00100011   0.0167  -0.0047   0.0142   0.0109    28    34    25    33    8.1    9.0    8.0    8.1    31    33    45    31
    5.280      133 00100011  -0.0780   0.0042  -0.0055   0.0096    33    36    27    35    9.5    9.5    8.6    8.6    28    33    29    24
    5.320      134 00100011   0.0400  -0.0059   0.0227  -0.0002    32    33    26    33    9.3    8.8    8.3    8.1    23    33    32    38
    5.360      135 00100011  -0.0231   0.0211  -0.0126   0.0113    27    32    27    33    7.8    8.5    8.6    8.1    13    39    40    29
    5.400      136 00100011   0.2149   0.0161   0.0749   0.0021    32    35    28    36    9.3    9.3    8.9    8.8    23    40    39    51
    5.440      137 00100011   0.0452   0.0286   0.0179   0.0040    29    31    22    38    8.4    8.2    6.8    9.3    24    30    18    29
    5.480      138 00100011  -0.0039  -0.1200   0.0123  -0.0014    30    30    29    40    8.7    8.0    9.2    9.8    38     8    49    22
    5.520      139 00100011   0.0373   0.0167   0.0200   0.0066    33    31    27    35    9.5    8.2    8.6    8.6    20    22    38    57
    5.560      140 00100011  -0.0772   0.0254  -0.0164  -0.0095    29    33    26    40    8.4    8.8    8.3    9.8     5    23    27    32
    5.600      141 00100011   0.1377  -0.0891   0.0440  -0.0180    28    30    30    43    8.1    8.0    9.5   10.4    18     9    27    44
    5.640      142 00100011  -0.0190  -0.0275  -0.0071  -0.0010    28    31    25    49    8.1    8.2    8.0   11.5    37    37    50    64
    5.680      143 00100011   0.0406   0.0319   0.0164   0.0123    28    33    26    49    8.1    8.8    8.3   11.5    19    38    30    70
    5.720      144 00100011   0.0067   0.0349  -0.0028   0.0159    29    36    24    49    8.4    9.5    7.6   11.5    33    37    44    80
    5.760      145 00100011   0.0224   0.0278   0.0093   0.0041    36    33    35    47   10.3    8.8   10.9   11.2    41    26    68    74
    5.800      146 00100011  -0.0072  -0.0117  -0.0004  -0.0010    41    32    41    46   11.4    8.5   12.3   11.0    55    25    73    77
    5.840      147 00100011   0.0079   0.0505   0.0092   0.0125    43    31    44    52   11.8    8.2   12.9   12.0    33    17    78    78
    5.880      148 00100011  -0.0054   0.0124   0.0040   0.0041    37    35    44    56   10.5    9.3   12.9   12.7    29    32    73    89
    5.920      149 00100011  -0.0119   0.0444   0.0021   0.0107    35    32    43    49   10.1    8.5   12.7   11.5    52    27    71    72
    5.960      150 00100011  -0.0017   0.0058   0.0019   0.0027    49    35    43    54   13.0    9.3   12.7   12.4    71    24    86    74
    6.000      151 00100011  -0.0017   0.0846   0.0029   0.0264    59    31    43    57   14.6    8.2   12.7   12.8    72     4    79    81
    6.040      152 00100011  -0.0086  -0.0040   0.0023   0.0016    57    38    47    48   14.3   10.0   13.4   11.3    82    33    84    60
    6.080      153 00100011  -0.0172  -0.0130   0.0076  -0.0026    61    36    41    45   14.9    9.5   12.3   10.8    79    25    65    77
    6.120      154 00100011   0.0099  -0.0101   0.0032   0.0000    59    30    38    45   14.6    8.0   11.6   10.8    77    39    75    77
    6.160      155 00100011   0.0119   0.0126   0.0059   0.0056    68    38    39    57   15.8   10.0   11.8   12.8    79    41    76    84
    6.200      156 00100011  -0.0078   0.0149   0.0037   0.0062    81    47    32    39   17.3   11.9   10.1    9.5    92    72    70    46
    6.240      157 00100011   0.0099  -0.0121   0.0051   0.0114    71    60    35    43   16.2   14.0   10.9   10.4    87    83    65    56
    6.280      158 00100011   0.0069  -0.0083   0.0067   0.0065    56    45    36    58   14.1   11.5   11.1   13.0    88    71    34    67
    6.320      159 00100011   0.0223  -0.0051   0.0014   0.0030    81    52    29    51   17.3   12.7    9.2   11.9    92    80    41    72
    6.360      160 00100011  -0.0043   0.0092   0.0124   0.0087    74    44    27    52   16.6   11.3    8.6   12.0    90    73    62    70
    6.400      161 00100011   0.0109   0.0002   0.0077   0.0085    65    35    31    48   15.4    9.3    9.8   11.3    89    35    49    53
    6.440      162 00100011  -0.0190   0.0107   0.0119   0.0167    60    34    34    43   14.7    9.0   10.6   10.4    81    50    45    57
    6.480      163 00100011  -0.0025   0.0075   0.0147   0.0136    49    40    36    37   13.0   10.5   11.1    9.1    66    49    54    56
    6.520      164 00100011   0.0363   0.0122   0.0033   0.0055    31    37    24    41    9.0    9.8    7.6   10.0    34    57    55    62
    6.560      165 00100011  -0.0015  -0.0006   0.0117   0.0122    36    43    31    58   10.3   11.1    9.8   13.0    33    63    62    69
    6.600      166 00100011   0.0287   0.0070   0.0044   0.0063    46    44    26    43   12.4   11.3    8.3   10.4    49    60    46    45
    6.640      167 00100011  -0.0366   0.0126   0.0197   0.0058    37    43    26    38   10.5   11.1    8.3    9.3    45    68    22    34
    6.680      168 00100011  -0.0170   0.0436   0.0198  -0.0059    40    39    25    37   11.2   10.2    8.0    9.1    47    64     7    50
    6.720      169 00100011  -0.2397  -0.0101   0.0612  -0.0032    42    42    26    33   11.6   10.9    8.3    8.1    56    48    38    42
    6.760      170 00100011  -0.2205   0.2334   0.0675  -0.0610    35    39    25    28   10.1   10.2    8.0    6.7    30    53    45    13
    6.800      171 00100011  -0.0068  -0.0386   0.0026   0.0044    38    38    25    39   10.8   10.0    8.0    9.5    39    17    17    36
    6.840      172 00100011  -0.0992  -0.0097   0.0289   0.0025    35    39    25    28   10.1   10.2    8.0    6.7    56    67    27    30
    6.880      173 00100011  -0.2113  -0.0314   0.0541  -0.0004    40    38    26    30   11.2   10.0    8.3    7.3    25    31    37     2
    6.920      174 00100011  -0.0082  -0.2335   0.0028   0.0646    32    34    26    28    9.3    9.0    8.3    6.7    24    16    32    13
    6.960      175 00100011  -0.1465  -0.0036   0.0471  -0.1185    35    34    24    32   10.1    9.0    7.6    7.8    30    40    10    28
    7.000      176 00100011  -0.2551  -0.2315   0.0698   0.0690    32    28    26    34    9.3    7.4    8.3    8.4    26    19     8    45
    7.040      177 00100011   0.1701  -0.0598   0.0185  -0.0016    35    34    24    34   10.1    9.0    7.6    8.4     6    20    41    25
    7.080      178 00100011   0.0363  -0.2714  -0.0135  -0.0818    31    30    24    33    9.0    8.0    7.6    8.1    33    25    26    18
    7.120      179 00100011   0.1909  -0.1690  -0.0334  -0.0581    34    31    28    34    9.8    8.2    8.9    8.4     3    26     7     6
    7.160      180 00100011   0.0420   0.0143  -0.0033  -0.0087    28    32    24    34    8.1    8.5    7.6    8.4    53    38    20    47
    7.200      181 00100011  -0.2469  -0.0025   0.0539  -0.0077    37    34    24    33   10.5    9.0    7.6    8.1    50    41    26    39
    7.240      182 00100011   0.2706   0.0464  -0.0836   0.0026    40    37    23    32   11.2    9.8    7.2    7.8    50    44    24    65
    7.280      183 00100011  -0.2421   0.0145   0.0575  -0.0124    38    39    24    36   10.8   10.2    7.6    8.8    53    33     7    26
    7.320      184 00100011   0.0191  -0.0049  -0.0079  -0.0053    32    34    25    38    9.3    9.0    8.0    9.3    21    25    39    45
    7.360      185 00100011  -0.1396   0.0450   0.0274   0.0026    33    31    25    30    9.5    8.2    8.0    7.3    38    20    28    42
    7.400      186 00100011  -0.1570   0.0426   0.0575  -0.0026    29    33    30    31    8.4    8.8    9.5    7.5    14    15    42    30
    7.440      187 00100011   0.1101   0.0122  -0.0269  -0.0113    32    27    24    30    9.3    7.0    7.6    7.3    32    61    26    28
    7.480      188 00100011  -0.1849   0.2566   0.0717  -0.0600    34    33    24    29    9.8    8.8    7.6    7.0    26    30    13    60
    7.520      189 00100011   0.2099   0.2669  -0.0379  -0.0642    30    35    26    27    8.7    9.3    8.3    6.3    32    25    24    21
    7.560      190 00100011   0.0195   0.0236   0.0008   0.0030    29    44    26    36    8.4   11.3    8.3    8.8    14    75    61    56
    7.600      191 00100011   0.0570   0.0110   0.0097   0.0061    41    42    35    46   11.4   10.9   10.9   11.0    59    72    78    66
    7.640      192 00100011   0.0245   0.0333   0.0085   0.0097    41    39    26    39   11.4   10.2    8.3    9.5    66    57    39    55
    7.680      193 00100011   0.0694  -0.0295   0.0084  -0.0014    33    31    30    35    9.5    8.2    9.5    8.6    56     9    51    77
    7.720      194 00100011   0.0596   0.0089   0.0060   0.0133    36    48    45    73   10.3   12.0   13.1   15.0    27    74    66    91
    7.760      195 00100011   0.0761  -0.0140   0.0091   0.0168    41    72    28    49   11.4   15.6    8.9   11.5    48    86    46    48
    7.800      196 00100011   0.0739   0.0067   0.0100   0.0119    46    45    31    41   12.4   11.5    9.8   10.0    63    69    46    61
    7.840      197 00100011   0.0418  -0.0393   0.0290   0.0234    40    33    30    31   11.2    8.8    9.5    7.5    70    40     4    44
    7.880      198 00100011   0.1182   0.1682   0.0064  -0.0367    46    42    24    33   12.4   10.9    7.6    8.1    44    43    29    32
    7.920      199 00100011   0.2604   0.2415  -0.0331  -0.0302    42    35    28    35   11.6    9.3    8.9    8.6    58    29    42    11
    7.960      200 00100011  -0.0446   0.1649   0.0462  -0.0256    35    30    24    31   10.1    8.0    7.6    7.5    40    12    11    12
    8.000      201 00100011   0.0728   0.1530   0.0187  -0.0267    37    32    25    29   10.5    8.5    8.0    7.0    16    38    22    28
    8.040      202 00100011   0.0299   0.0102   0.0242   0.0124    33    40    26    33    9.5   10.5    8.3    8.1    33    65    37    36
    8.080      203 00100011   0.0444   0.0177   0.0208  -0.0005    39    36    30    34   11.0    9.5    9.5    8.4    56    47    10    22
    8.120      204 00100011   0.0983  -0.0736   0.0253   0.0083    30    31    32    32    8.7    8.2   10.1    7.8    27    43     7    23
    8.160      205 00100011   0.0913  -0.0671  -0.0068   0.0067    32    32    28    35    9.3    8.5    8.9    8.6     3    34    29    17
    8.200      206 00100011   0.0573  -0.0051   0.0187   0.0035    31    35    30    37    9.0    9.3    9.5    9.1    25    52    62    59
    8.240      207 00100011   0.0556  -0.0210   0.0053   0.0105    36    39    31    53   10.3   10.2    9.8   12.2    48    45    63    83
    8.280      208 00100011   0.0548  -0.0217   0.0087   0.0089    50    42    37    60   13.2   10.9   11.4   13.3    77    68    70    72
    8.320      209 00100011   0.0724  -0.0119   0.0045   0.0043    44    46    28    41   12.0   11.7    8.9   10.0    61    71    45    54
    8.360      210 00100011  -0.0017  -0.0618   0.0209   0.0124    32    32    26    30    9.3    8.5    8.3    7.3    44    27    13    23
    8.400      211 00100011   0.0569  -0.0036   0.0144   0.0134    29    40    31    46    8.4   10.5    9.8   11.0    33    45    19    68
    8.440      212 00100011   0.0596  -0.0051   0.0118   0.0045    44    64    26    81   12.0   14.5    8.3   15.9    69    85    50    87
    8.480      213 00100011   0.0769  -0.0208   0.0092   0.0032    41    29    28    71   11.4    7.7    8.9   14.7    66    16    54    92
    8.520      214 00100011   0.0724  -0.0043   0.0058   0.0109    34    45    30    35    9.8   11.5    9.5    8.6    50    63    48    55
    8.560      215 00100011   0.0823  -0.0107   0.0056   0.0074    59    45    28    43   14.6   11.5    8.9   10.4    85    69    26    69
    8.600      216 00100011   0.0636  -0.0119   0.0072   0.0078    40    35    26    33   11.2    9.3    8.3    8.1    57    28    44    56
    8.640      217 00100011   0.0667  -0.0170   0.0044   0.0091    36    34    37    42   10.3    9.0   11.4   10.2    42    38    63    79
    8.680      218 00100011   0.0520  -0.0223   0.0095   0.0044    36    30    29    39   10.3    8.0    9.2    9.5    57    22    66    75
    8.720      219 00100011  -0.1143   0.0108   0.0684   0.0034    45    36    22    44   12.2    9.5    6.8   10.6    55    18    21    49
    8.760      220 00100011  -0.1073   0.0470   0.0509   0.0148    36    38    24    30   10.3   10.0    7.6    7.3    44    23     3    23
    8.800      221 00100011   0.1238   0.0097   0.0220   0.0415    35    36    30    38   10.1    9.5    9.5    9.3    15    13    30    40
    8.840      222 00100011  -0.0548   0.0394   0.0325   0.0027    36    30    27    33   10.3    8.0    8.6    8.1    24    13    12    45
    8.880      223 00100011   0.0289   0.0084   0.0182   0.0125    33    34    30    50    9.5    9.0    9.5   11.7    43    28    14    73
    8.920      224 00100011   0.0318   0.0238   0.0183  -0.0023    34    57    27    32    9.8   13.5    8.6    7.8    63    68    23    22
    8.960      225 00100011   0.0426  -0.0103   0.0109  -0.0001    42    33    26    38   11.6    8.8    8.3    9.3    47    54    59    52
    9.000      226 00100011   0.0608  -0.0032   0.0049   0.0128    35    34    26    33   10.1    9.0    8.3    8.1    61    54    41    11
    9.040      227 00100011   0.0559  -0.0332  -0.0008   0.0049    31    36    51    39    9.0    9.5   14.2    9.5    24    26    89    31
    9.080      228 00100011   0.0771  -0.0132   0.0022   0.0014    44    44    49    59   12.0   11.3   13.8   13.1    61    60    91    86
    9.120      229 00100011   0.0388  -0.0196   0.0053  -0.0055    58    55    36    51   14.4   13.2   11.1   11.9    74    67    48    51
    9.160      230 00100011   0.0564  -0.0150  -0.0079  -0.0154    48    37    29    40   12.8    9.8    9.2    9.8    49    54    61    36
    9.200      231 00100011   0.0398  -0.0126  -0.0089  -0.0235    42    32    34    36   11.6    8.5   10.6    8.8    50    32    73    44
    9.240      232 00100011   0.0431   0.0288  -0.0165  -0.0148    34    35    35    36    9.8    9.3   10.9    8.8    48    50    64    55
    9.280      233 00100011  -0.2158   0.0716   0.0397  -0.0171    31    34    28    36    9.0    9.0    8.9    8.8    19    25     7    49
    9.320      234 00100011   0.0553  -0.0187  -0.0443  -0.0297    27    32    26    42    7.8    8.5    8.3   10.2    32    35    42    48
    9.360      235 00100011  -0.2079   0.0785  -0.0026  -0.0146    27    34    24    35    7.8    9.0    7.6    8.6    11    36    24    15
    9.400      236 00100011   0.0547  -0.0547  -0.0266   0.0092    31    33    25    34    9.0    8.8    8.0    8.4    39    26    48     2
    9.440      237 00100011   0.0433   0.0321  -0.0106  -0.0126    30    33    34    36    8.7    8.8   10.6    8.8    20    45    28    11
    9.480      238 00100011   0.0317   0.0885  -0.0310  -0.0368    38    37    64    34   10.8    9.8   16.1    8.4     7    34    88    26
    9.520      239 00100011   0.0329   0.0317  -0.0365  -0.0343    33    33    53    50    9.5    8.8   14.5   11.7    44    15    76    84
    9.560      240 00100011   0.0078   0.0281  -0.0450  -0.0442    35    48    51    52   10.1   12.0   14.2   12.0    46    77    88    65
    9.600      241 00100011   0.0417   0.0441  -0.0398  -0.0472    34    41    30    32    9.8   10.7    9.5    7.8    35    55    52    35
    9.640      242 00100011  -0.0149   0.0297  -0.0651  -0.0420    31    33    31    32    9.0    8.8    9.8    7.8    20    56    24    29
    9.680      243 00100011   0.3700   0.1207  -0.0033  -0.0634    30    36    26    36    8.7    9.5    8.3    8.8    11     9    26    52
    9.720      244 00100011   0.0337   0.1205  -0.0450  -0.0701    30    31    26    34    8.7    8.2    8.3    8.4    22    21    35     8
    9.760      245 00100011  -0.0684  -0.3258  -0.0365   0.0700    54    65    21    33   13.8   14.7    6.4    8.1    81    74    19    33
    9.800      246 00100011  -0.0482  -0.0081  -0.0398  -0.0042    75    76    40    45   16.7   16.0   12.0   10.8    90    32    54    59
    9.840      247 00100011  -0.0639  -0.1499  -0.0316  -0.0150    34    84    56    47    9.8   16.9   15.0   11.2     4    51    48    46
    9.880      248 00100011  -0.1893  -0.1780  -0.0465   0.0081    30    46    29    46    8.7   11.7    9.2   11.0    24    45    44    64
    9.920      249 00100011   0.0780  -0.0903  -0.0533  -0.0183    32    44    28    34    9.3   11.3    8.9    8.4     9    57    13    12
    9.960      250 00100011   0.0539  -0.2054  -0.0129   0.0276    29    61    32    34    8.4   14.1   10.1    8.4    32    81    61    27
   10.000      251 00100011   0.0379  -0.1135  -0.0012   0.0152    33    73    29    34    9.5   15.7    9.2    8.4    16    89    35    36
   10.040      252 00100011   0.1661   0.1027   0.0287  -0.0292    55    57    27    34   14.0   13.5    8.6    8.4    57    71     8    14
   10.080      253 00100011   0.0785  -0.0277   0.0156   0.0132    45    36    31    36   12.2    9.5    9.8    8.8    64    34    42    56
   10.120      254 00100011   0.0588  -0.0352   0.0219   0.0115    37    42    38    45   10.5   10.9   11.6   10.8    28    48    61    55
   10.160      255 00100011   0.0326  -0.0535   0.0136   0.0323    46    38    33    37   12.4   10.0   10.4    9.1    55    47    25     9
   10.200      256 00100011   0.0023   0.0917   0.0263   0.0169    61    33    27    36   14.9    8.8    8.6    8.8    78    19    32    13
   10.240      257 00100011   0.0688  -0.0863   0.0009  -0.0275    41    29    38    40   11.4    7.7   11.6    9.8    57    10    45    29
   10.280      258 00100011   0.0436   0.0787   0.0193   0.0155    38    37    33    49   10.8    9.8   10.4   11.5    19    35    68    60
   10.320      259 00100011   0.0438   0.0602   0.0111   0.0164    35    50    29    45   10.1   12.4    9.2   10.8    22    59    36    68
   10.360      260 00100011   0.0677   0.0858   0.0229   0.0072    44    51    25    40   12.0   12.6    8.0    9.8    58    74    42    47
   10.400      261 00100011   0.1239  -0.1405  -0.0029   0.0916    34    33    27    28    9.8    8.8    8.6    6.7    38    22    22    26
   10.440      262 00100011   0.1210   0.0700   0.0239   0.0208    32    35    36    53    9.3    9.3   11.1   12.2    19    27    58    72
   10.480      263 00100011   0.0902   0.0394   0.0100   0.0148    32    35    28    31    9.3    9.3    8.9    7.5    54    13    29    33
   10.520      264 00100011   0.0655   0.0385   0.0219   0.0000    34    30    27    29    9.8    8.0    8.6    7.0    16    28    32    28
   10.560      265 00100011   0.0552   0.0282   0.0194   0.0249    39    43    36    45   11.0   11.1   11.1   10.8    25    62    64    62
   10.600      266 00100011   0.0209   0.0036   0.0242   0.0305    37    41    40    42   10.5   10.7   12.0   10.2    43    45    56    30
   10.640      267 00100011   0.0492  -0.0586   0.0055   0.0378    29    36    24    39    8.4    9.5    7.6    9.5    32     6    26    20
   10.680      268 00100011   0.1330   0.1068   0.0317   0.0215    33    36    34    41    9.5    9.5   10.6   10.0    21    25    70    30
   10.720      269 00100011   0.2333   0.0157   0.0408  -0.0129    26    37    35    40    7.5    9.8   10.9    9.8    26    17    54    23
   10.760      270 00100011   0.0247  -0.0102  -0.0448  -0.0338    33    36    30    33    9.5    9.5    9.5    8.1    29    42    15    66
   10.800      271 00100011   0.0104  -0.0279  -0.0409  -0.0215    29    34    24    54    8.4    9.0    7.6   12.4    11    49    37    48
   10.840      272 00100011   0.0843   0.0177  -0.0100  -0.0159    30    38    30    33    8.7   10.0    9.5    8.1    22    41    23    33
   10.880      273 00100011   0.0534  -0.0510   0.0010  -0.0030    47    41    30    42   12.6   10.7    9.5   10.2    62    66    27    41
   10.920      274 00100011   0.0159  -0.0837  -0.0004   0.0067    34    32    28    36    9.8    8.5    8.9    8.8    52    14    36    24
   10.960      275 00100011   0.0925  -0.0178  -0.0104  -0.0061    34    31    27    32    9.8    8.2    8.6    7.8    48    53    38    46
   11.000      276 00100011   0.0833  -0.0255  -0.0132  -0.0244    31    30    24    33    9.0    8.0    7.6    8.1    28    47    36    37
   11.040      277 00100011   0.0106  -0.0395  -0.0306  -0.0217    44    47    29    48   12.0   11.9    9.2   11.3    68    50    66    48
   11.080      278 00100011  -0.1928   0.0096   0.0187  -0.0182    53    37    31    30   13.7    9.8    9.8    7.3    69    28    18    35
   11.120      279 00100011   0.0018   0.0011  -0.0175  -0.0342    34    34    24    39    9.8    9.0    7.6    9.5    24    61    28    58
   11.160      280 00100011   0.0362  -0.0599  -0.0555  -0.0419    40    54    45    40   11.2   13.1   13.1    9.8    74    67    76    30
   11.200      281 00100011   0.0525  -0.0400  -0.0639  -0.0704    34    35    37    40    9.8    9.3   11.4    9.8    40     9    78    55
   11.240      282 00100011  -0.2312   0.0910  -0.0111  -0.0827    34    31    28    48    9.8    8.2    8.9   11.3    46    57    13    69
   11.280      283 00100011  -0.5225  -0.0252  -0.0139   0.1213    35    27    26    35   10.1    7.0    8.3    8.6    18    29    21    15
   11.320      284 00100011   0.0390   0.0905  -0.1050  -0.0363    41    40    28    45   11.4   10.5    8.9   10.8    26    38    41    59
   11.360      285 00100011  -0.1310   0.0423  -0.0877  -0.0821    93    98   100   101   18.5   18.2   20.0   17.8    84    72    63    76
   11.400      286 00100011  -0.0346  -0.5137  -0.1095   0.0098    40    45    59    40   11.2   11.5   15.4    9.8    49    52    78    61
   11.440      287 00100011  -0.2149  -0.1120   0.0064  -0.0283    41    41    27    37   11.4   10.7    8.6    9.1    33    10    19    25
   11.480      288 00100011   0.3402  -0.0866   0.0640   0.1010    36    36    30    39   10.3    9.5    9.5    9.5    34    19    32    27
   11.520      289 00100011   0.4033  -0.4408   0.0020  -0.0009    38    41    36    49   10.8   10.7   11.1   11.5    24    43    36    60
   11.560      290 00100011   0.4754  -0.0472  -0.0043  -0.0969    34    46    24    30    9.8   11.7    7.6    7.3    23    38     9     7
   11.600      291 00100011  -0.1825   0.4069  -0.0602   0.0058    34    33    33    47    9.8    8.8   10.4   11.2    18    17    30    46
   11.640      292 00100011  -0.4928   0.1836   0.0212  -0.0813    35    41    27    38   10.1   10.7    8.6    9.3    18    29    16    24
   11.680      293 00100011   0.2133  -0.1041  -0.0885  -0.0305    43    44    33    36   11.8   11.3   10.4    8.8    63    36    22    64
   11.720      294 00100011  -0.1182  -0.1334  -0.0541  -0.0375    33    36    35    56    9.5    9.5   10.9   12.7    26    62    30     9
   11.760      295 00100011   0.2461   0.1908  -0.0148   0.0004    36    46    26    48   10.3   11.7    8.3   11.3    45    32    25    33
   11.800      296 00100011   0.1614  -0.0900   0.0534   0.0802    39    52    22    34   11.0   12.7    6.8    8.4    20    65    34    25
   11.840      297 00100011   0.0426  -0.0524   0.0414   0.0024    37    33    23    49   10.5    8.8    7.2   11.5    40    19    10    24
   11.880      298 00100011   0.0167   0.0095   0.0258   0.0335    34    36    26    42    9.8    9.5    8.3   10.2    31    12    28    36
   11.920      299 00100011   0.0178  -0.0611  -0.0323  -0.0244    37    37    25    38   10.5    9.8    8.0    9.3    20    19    14    13
   11.960      300 00100011  -0.1732  -0.0924  -0.0379  -0.0229    33    41    26    38    9.5   10.7    8.3    9.3    26    30     8    40
   12.000      301 00100011   0.0324   0.0113   0.0636  -0.0908    31    37    24    41    9.0    9.8    7.6   10.0     5    26    13    13
   12.040      302 00100011   0.2275  -0.0044  -0.0339  -0.0713    31    32    24    43    9.0    8.5    7.6   10.4    36    18    26    40
   12.080      303 00100011   0.1810   0.1106  -0.0534  -0.0814    36    35    25    34   10.3    9.3    8.0    8.4    21    27    30    10
   12.120      304 00100011   0.3712  -0.3159  -0.0220   0.0583    37    37    28    41   10.5    9.8    8.9   10.0    17    28    24    21
   12.160      305 00100011   0.3907  -0.1108   0.0462  -0.0309    32    50    38    39    9.3   12.4   11.6    9.5    23    22    18    27
   12.200      306 00100011  -0.0310   0.1739   0.0162   0.0667    30    28    45    40    8.7    7.4   13.1    9.8    28    29    53    24
   12.240      307 00100011   0.2552   0.3163   0.0185   0.0001    39    35    27    31   11.0    9.3    8.6    7.5     7     8    10    26
   12.280      308 00100011  -0.4370   0.0014  -0.0534   0.0673    32    35    27    35    9.3    9.3    8.6    8.6    27    15    41    30
   12.320      309 00100011   0.0339   0.0449   0.0926   0.0733    32    36    28    65    9.3    9.5    8.9   14.0    19    49    33    37
   12.360      310 00100011  -0.0415  -0.0114   0.1208   0.1027    32    40    26    35    9.3   10.5    8.3    8.6    43    38    21    36
   12.400      311 00100011   0.0440   0.1113   0.0514   0.0336    25    31    30    38    7.1    8.2    9.5    9.3    30    23    11    23
   12.440      312 00100011  -0.1698  -0.1830   0.0309  -0.0124    29    33    28    28    8.4    8.8    8.9    6.7    53    18     4    26
   12.480      313 00100011  -0.0358   0.0077   0.0356   0.0346    31    30    25    34    9.0    8.0    8.0    8.4    30    37    47    30
   12.520      314 00100011  -0.0552   0.0917   0.0103   0.0258    31    31    26    34    9.0    8.2    8.3    8.4    28    13    30    27
   12.560      315 00100011   0.0494  -0.1411   0.0168   0.0414    29    32    24    38    8.4    8.5    7.6    9.3    37    14     9    13
   12.600      316 00100011   0.2295  -0.1321   0.0087   0.0351    35    33    26    34   10.1    8.8    8.3    8.4     8    23    28    22
   12.640      317 00100011   0.1090  -0.0957   0.0537   0.0997    30    35    28    29    8.7    9.3    8.9    7.0    16    28    22    24
   12.680      318 00100011  -0.1573  -0.0754   0.0331   0.0391    60    82    49    41   14.7   16.7   13.8   10.0    83    84    72    61
   12.720      319 00100011   0.1672  -0.0240   0.0934   0.0539    33    42    55    42    9.5   10.9   14.8   10.2    15    39    65    57
   12.760      320 00100011  -0.2809  -0.4475  -0.0043  -0.0749    29    35    28    39    8.4    9.3    8.9    9.5    29    30    23     3
   12.800      321 00100011   0.2557   0.1309  -0.0035   0.0707    30    37    29    38    8.7    9.8    9.2    9.3    25    35    23    48
   12.840      322 00100011   0.3233   0.0713  -0.0477   0.0488    29    33    31    40    8.4    8.8    9.8    9.8    25    10    15     2
   12.880      323 00100011   0.2909   0.0108  -0.0857  -0.0321    30    30    28    32    8.7    8.0    8.9    7.8    20    14    55    40
   12.920      324 00100011  -0.1220  -0.1768   0.0127   0.0452    36    36    32    38   10.3    9.5   10.1    9.3    37    56    19     1
   12.960      325 00100011   0.0338   0.4127   0.0687  -0.0569    31    40    26    34    9.0   10.5    8.3    8.4    20    24    16    32
   13.000      326 00100011   0.2023  -0.0248  -0.0436   0.0784    44    51    30    41   12.0   12.6    9.5   10.0    66    71    69    53
   13.040      327 00100011   0.2717   0.3765  -0.0335  -0.0175    35    38    28    34   10.1   10.0    8.9    8.4    19    27    22     8
   13.080      328 00100011   0.0312  -0.2774   0.0059   0.0972    36    34    27    36   10.3    9.0    8.6    8.8    39    16    38     8
   13.120      329 00100011  -0.0275  -0.0465  -0.0704  -0.0657    45    43    28    45   12.2   11.1    8.9   10.8    44    28     5    16
   13.160      330 00100011   0.2934   0.0188   0.0158  -0.1106    50    42    31    33   13.2   10.9    9.8    8.1    56    23    38    30
   13.200      331 00100011  -0.2475  -0.2078  -0.0861   0.0841    32    34    29    39    9.3    9.0    9.2    9.5    31    22    41    22
   13.240      332 00100011  -0.0981  -0.1707  -0.0653   0.0081    40    38    29    34   11.2   10.0    9.2    8.4    20    34    31     7
   13.280      333 00100011  -0.1204   0.0816   0.0211   0.0556    35    43    30    38   10.1   11.1    9.5    9.3    10    28    29    34
   13.320      334 00100011  -0.1968  -0.0792   0.0348   0.0074    37    38    39    38   10.5   10.0   11.8    9.3    21    34    46    31
   13.360      335 00100011  -0.1898   0.1578  -0.0032  -0.0234    39    43    25    31   11.0   11.1    8.0    7.5    34    50    41    27
   13.400      336 00100011  -0.3489  -0.0240   0.0087  -0.0896    42    34    30    40   11.6    9.0    9.5    9.8    16    39    34    20
   13.440      337 00100011  -0.0389   0.0394  -0.0310   0.0036    41    45    31    39   11.4   11.5    9.8    9.5    61    31    25    40
   13.480      338 00100011  -0.1410  -0.0444   0.0503   0.0303    57    42    33    40   14.3   10.9   10.4    9.8    56    43    47    45
   13.520      339 00100011  -0.2164  -0.0422   0.0639   0.0626    47    53    41    46   12.6   12.9   12.3   11.0    58    51    65    59
   13.560      340 00100011   0.1419  -0.1384  -0.0355   0.1291    47    39    27    37   12.6   10.2    8.6    9.1    33    65    19     8
   13.600      341 00100011   0.1746  -0.2566  -0.0618   0.0024    33    29    27    51    9.5    7.7    8.6   11.9    26    11    28    62
   13.640      342 00100011   0.0060  -0.1529  -0.0956   0.0712    36    34    27    45   10.3    9.0    8.6   10.8    33    38    42    14
   13.680      343 00100011   0.1399   0.1409  -0.0376   0.1410    30    34    25    35    8.7    9.0    8.0    8.6    19    33    32    39
   13.720      344 00100011   0.1581  -0.3455  -0.0798   0.0852    36    35    25    38   10.3    9.3    8.0    9.3    27     2     2    14
   13.760      345 00100011  -0.3125   0.1631  -0.0006  -0.0795    37    52    29    36   10.5   12.7    9.2    8.8    34    71    18    34
   13.800      346 00100011   0.2302   0.1930  -0.0451  -0.0331    33    40    30    40    9.5   10.5    9.5    9.8    18    46    17    38
   13.840      347 00100011  -0.1023   0.0683  -0.0633  -0.1035    31    34    32    53    9.0    9.0   10.1   12.2    28     7    40    59
   13.880      348 00100011   0.1245   0.1998  -0.0203  -0.0438    40    33    46    49   11.2    8.8   13.3   11.5    26    23    70    29
   13.920      349 00100011   0.2087   0.1339  -0.0444  -0.0223    66    53    35    66   15.6   12.9   10.9   14.1    36    29    42    63
   13.960      350 00100011   0.1128  -0.0730   0.0643  -0.0644    39    41    31    60   11.0   10.7    9.8   13.3    30    50    20    56
   14.000      351 00100011   0.2493   0.0951   0.0297  -0.1181    53    49    41    54   13.7   12.2   12.3   12.4    63    31    51    14
   14.040      352 00100011  -0.1137   0.0983  -0.0574  -0.1398    38    36    35    40   10.8    9.5   10.9    9.8    50    28    30    38
   14.080      353 00100011   0.1467   0.1437   0.0345  -0.0665    42    42    31    40   11.6   10.9    9.8    9.8    41    14    27    43
   14.120      354 00100011   0.0201  -0.1315  -0.1121   0.0280    67    56    35    59   15.7   13.4   10.9   13.1    56    58    43    69
   14.160      355 00100011  -0.3586  -0.1911  -0.0708   0.0323    37    42    29    41   10.5   10.9    9.2   10.0    18    51     7    21
   14.200      356 00100011   0.0091   0.3604  -0.0886  -0.0512    31    37    28    39    9.0    9.8    8.9    9.5    11    26    22    11
   14.240      357 00100011  -0.0892   0.2836  -0.0634   0.0220    28    30    25    32    8.1    8.0    8.0    7.8     6    12    47    21
   14.280      358 00100011  -0.1303  -0.0553   0.0848   0.0448    36    35    50    49   10.3    9.3   14.0   11.5    14    35    61    29
   14.320      359 00100011   0.1389   0.0619  -0.0802   0.0015    41    41    25    44   11.4   10.7    8.0   10.6    30    48     3    23
   14.360      360 00100011   0.3306   0.0818  -0.0401   0.0404    31    45    32    40    9.0   11.5   10.1    9.8    32    66    42    18
   14.400      361 00100011   0.4265  -0.1994  -0.0472   0.0292    51    34    27    46   13.3    9.0    8.6   11.0    68     8    47    41
   14.440      362 00100011   0.3366  -0.0684  -0.0374   0.0920    41    35    32    39   11.4    9.3   10.1    9.5    48    10    14    44
   14.480      363 00100011  -0.1370   0.0106  -0.0353  -0.0031    29    27    24    40    8.4    7.0    7.6    9.8     6    35     4    53
   14.520      364 00100011  -0.0483  -0.0561  -0.0055  -0.0224    33    26    25    31    9.5    6.7    8.0    7.5    30    19    21    51
   14.560      365 00100011  -0.0210  -0.0285  -0.0096  -0.0129    30    28    27    35    8.7    7.4    8.6    8.6     6    13    26    47
   14.600      366 00100011  -0.1402   0.1131   0.0266   0.0192    41    42    28    41   11.4   10.9    8.9   10.0    30    45    49    17
   14.640      367 00100011  -0.2652   0.0097   0.0193   0.0292    34    41    24    35    9.8   10.7    7.6    8.6    30    13    40    29
   14.680      368 00100011  -0.2285  -0.0464   0.0258   0.0515    34    32    31    41    9.8    8.5    9.8   10.0    22    20    64    48
   14.720      369 00100011   0.1362  -0.0963  -0.0163   0.0441    43    31    25    56   11.8    8.2    8.0   12.7    29    21    20    72
   14.760      370 00100011  -0.1882   0.0691   0.0512   0.0632    30    39    34    65    8.7   10.2   10.6   14.0    24    34    26    68
   14.800      371 00100011   0.2714  -0.1077  -0.0656   0.0322    28    33    25    33    8.1    8.8    8.0    8.1    19    14    46    27
   14.840      372 00100011  -0.2854  -0.1400   0.0302   0.0331    36    32    30    64   10.3    8.5    9.5   13.8    19    33    42    87
   14.880      373 00100011   0.2175   0.0101  -0.0853   0.0756    30    38    30    39    8.7   10.0    9.5    9.5    30    18    66    55
   14.920      374 00100011  -0.2359  -0.0042   0.0264   0.0270    41    39    26    39   11.4   10.2    8.3    9.5    60    34    40    22
   14.960      375 00100011  -0.0512  -0.0802  -0.0463   0.0017    48    43    28    42   12.8   11.1    8.9   10.2    59    59    28    61
   15.000      376 00100011  -0.3279  -0.0301   0.0284   0.0039    29    27    30    49    8.4    7.0    9.5   11.5    31    10    28    46
   15.040      377 00100011   0.1290  -0.4243  -0.1171   0.0419    30    34    25    32    8.7    9.0    8.0    7.8    44    10    24    24
   15.080      378 00100011  -0.0480   0.0492  -0.0752  -0.0601    28    36    27    32    8.1    9.5    8.6    7.8    46    45    46    12
   15.120      379 00100011  -0.0012   0.0384  -0.0369  -0.0531    34    43    46    47    9.8   11.1   13.3   11.2    12    34    52     7
   15.160      380 00100011  -0.1813  -0.0464  -0.0946  -0.1133    39    33    32    42   11.0    8.8   10.1   10.2    46    35    17    26
   15.200      381 00100011   0.4023   0.2344   0.0180  -0.0662    33    31    24    36    9.5    8.2    7.6    8.8    53    16    32    35
   15.240      382 00100011   0.0318  -0.0420  -0.0820  -0.0860    32    37    38    47    9.3    9.8   11.6   11.2    46    49    45    40
   15.280      383 00100011   0.0420   0.0950  -0.0965  -0.0969    37    36    31    36   10.5    9.5    9.8    8.8    22    11    25    67
   15.320      384 00100011   0.0024  -0.0646  -0.0262  -0.0403    35    35    29    39   10.1    9.3    9.2    9.5    23    12    40    60
   15.360      385 00100011   0.0425  -0.0504  -0.0215  -0.0482    36    34    25    39   10.3    9.0    8.0    9.5    52    29    15     9
   15.400      386 00100011  -0.1539  -0.1796   0.0147  -0.0149    40    36    29    44   11.2    9.5    9.2   10.6    33    38    28    15
   15.440      387 00100011  -0.1954  -0.1321  -0.0732  -0.0306    33    32    33    39    9.5    8.5   10.4    9.5    26    18    18    37
   15.480      388 00100011  -0.0915  -0.1864  -0.0698  -0.0375    44    45    30    43   12.0   11.5    9.5   10.4    43    48    34    35
   15.520      389 00100011  -0.0581  -0.0393  -0.0077  -0.0404    31    36    27    31    9.0    9.5    8.6    7.5    24    45    20    23
   15.560      390 00100011   0.0124  -0.0045  -0.0324  -0.0025    28    31    20    36    8.1    8.2    6.0    8.8    11    14    48    53
   15.600      391 00100011   0.0178  -0.1624  -0.0531   0.0482    29    30    28    31    8.4    8.0    8.9    7.5    11    29    12    11
   15.640      392 00100011   0.0141   0.0508  -0.0332  -0.0157    35    35    30    33   10.1    9.3    9.5    8.1    23    23    47    23
   15.680      393 00100011   0.0543   0.0988  -0.0386  -0.0442    43    47    31    47   11.8   11.9    9.8   11.2    48    71    33    64
   15.720      394 00100011  -0.0133   0.0516  -0.0487  -0.0479    42    68    38    61   11.6   15.1   11.6   13.4    34    66    62    57
   15.760      395 00100011  -0.0502   0.0885  -0.0530  -0.0674    49    61    37    49   13.0   14.1   11.4   11.5    21    70    52    48
   15.800      396 00100011  -0.1278  -0.0100  -0.0442  -0.0365    45    43    30    41   12.2   11.1    9.5   10.0    47    58    44    41
   15.840      397 00100011  -0.0559   0.0958  -0.0434  -0.0275    28    32    30    46    8.1    8.5    9.5   11.0    42    25    67    65
   15.880      398 00100011  -0.0432   0.0011  -0.0646  -0.0584    44    29    30    31   12.0    7.7    9.5    7.5    81    23    36    26
   15.920      399 00100011  -0.0798   0.0048  -0.0585  -0.0584    51    39    35    39   13.3   10.2   10.9    9.5    74    40    68    52
   15.960      400 00100011   0.0904   0.0027  -0.0043  -0.0578    33    37    39    32    9.5    9.8   11.8    7.8    25    66    60    20
   16.000      401 00100011  -0.0764  -0.0473  -0.0321  -0.0451    31    33    28    40    9.0    8.8    8.9    9.8    29    26    57    58
   16.040      402 00100011  -0.0392   0.0197  -0.0395  -0.0349    36    33    29    28   10.3    8.8    9.2    6.7    33    43    61    59
   16.080      403 00100011  -0.0074   0.0084  -0.0434  -0.0329    34    37    28    36    9.8    9.8    8.9    8.8    49    33    29    21
   16.120      404 00100011  -0.2922  -0.0033  -0.0896  -0.0362    28    32    24    29    8.1    8.5    7.6    7.0    54    21    36    27
   16.160      405 00100011  -0.2332  -0.0346  -0.0486  -0.0076    29    34    24    38    8.4    9.0    7.6    9.3    31    15    25    52
   16.200      406 00100011  -0.1554  -0.0617  -0.0308  -0.0391    44    52    24    36   12.0   12.7    7.6    8.8    59    77    31    17
   16.240      407 00100011  -0.0876  -0.0302  -0.0542  -0.0534    74    52    55    75   16.6   12.7   14.8   15.2    80    76    87    82
   16.280      408 00100011  -0.0896  -0.0157  -0.0596  -0.0564    94    58    93   105   18.6   13.7   19.4   18.1    92    84    94    95
   16.320      409 00100011  -0.0975  -0.0015  -0.0618  -0.0527    48    40    65    84   12.8   10.5   16.3   16.2    57    62    90    95
   16.360      410 00100011   0.0560   0.1268  -0.0259  -0.0360    45    43    42    40   12.2   11.1   12.5    9.8    49    48    49    21
   16.400      411 00100011  -0.0633  -0.0752   0.0043   0.0017    40    47    41    40   11.2   11.9   12.3    9.8    36    69    66    42
   16.440      412 00100011  -0.0037  -0.0873   0.0201   0.0016    38    34    31    41   10.8    9.0    9.8   10.0    23    17    72    70
   16.480      413 00100011  -0.0395  -0.0401   0.0227   0.0107    36    35    31    45   10.3    9.3    9.8   10.8    57    31    45    62
   16.520      414 00100011  -0.0366  -0.0069   0.0249   0.0309    38    62    36    52   10.8   14.3   11.1   12.0    68    83    33    34
   16.560      415 00100011  -0.0556  -0.0121   0.0352   0.0349    36    57    31    44   10.3   13.5    9.8   10.6    64    75    52    52
   16.600      416 00100011  -0.0712  -0.0228   0.0529   0.0559    39    42    29    50   11.0   10.9    9.2   11.7    71    71    51    54
   16.640      417 00100011  -0.0686  -0.0864   0.0711   0.0541    29    28    32    35    8.4    7.4   10.1    8.6     6    56    44    58
   16.680      418 00100011  -0.0608  -0.0697   0.0499   0.0428    32    33    25    28    9.3    8.8    8.0    6.7    36    23    50    52
   16.720      419 00100011  -0.2343   0.0006   0.0106   0.0654    28    32    27    30    8.1    8.5    8.6    7.3    31    15    50    54
   16.760      420 00100011  -0.0220  -0.0766   0.0462   0.0260    30    31    26    31    8.7    8.2    8.3    7.5    45    26    24    54
   16.800      421 00100011  -0.1244  -0.1827  -0.0095  -0.0324    40    31    25    31   11.2    8.2    8.0    7.5    44    18    37    43
   16.840      422 00100011  -0.0405  -0.1275   0.0153  -0.0103    35    34    23    35   10.1    9.0    7.2    8.6    39    34     6    18
   16.880      423 00100011  -0.0472  -0.0208   0.0273   0.0179    35    33    23    45   10.1    8.8    7.2   10.8    55    22    33    80
   16.920      424 00100011  -0.0464  -0.0283   0.0333   0.0279    39    33    33    41   11.0    8.8   10.4   10.0    51    48    51    75
   16.960      425 00100011   0.0747   0.0164   0.0313   0.0299    29    32    31    40    8.4    8.5    9.8    9.8    16    24    13    42
   17.000      426 00100011  -0.2560  -0.1246   0.0188  -0.0105    33    30    24    33    9.5    8.0    7.6    8.1    57    24     3    22
   17.040      427 00100011   0.1054  -0.0603  -0.0592  -0.0215    34    43    24    34    9.8   11.1    7.6    8.4     6    35    11    36
   17.080      428 00100011  -0.1197  -0.0124  -0.0234  -0.0309    32    49    23    30    9.3   12.2    7.2    7.3    54    65    23    42
   17.120      429 00100011  -0.0549  -0.0223  -0.0259  -0.0248    41    67    37    46   11.4   14.9   11.4   11.0    43    61    36    50
   17.160      430 00100011  -0.0445  -0.0500  -0.0196  -0.0206    36    49    60    52   10.3   12.2   15.6   12.0    62    36    72    63
