    1.560       40 00100011   0.0263   0.0220  -0.0171  -0.0130    59    92    29    37   14.6   17.7    9.2    9.1    77    94    35    47
    1.600       41 00100011  -0.0004   0.0213  -0.0084  -0.0105    57    84    30    43   14.3   16.9    9.5   10.4    85    93    58    77
    1.640       42 00100011   0.0063  -0.0013  -0.0097  -0.0078    60    95    35    44   14.7   18.0   10.9   10.6    83    94    51    62
    1.680       43 00100011   0.0043  -0.0057  -0.0126  -0.0069    50    69    38    48   13.2   15.2   11.6   11.3    76    84    77    58
    1.720       44 00100011  -0.0002  -0.0144  -0.0118  -0.0107    47    44    36    43   12.6   11.3   11.1   10.4    51    71    83    62
    1.760       45 00100011  -0.0084   0.0070  -0.0125  -0.0191    42    41    36    37   11.6   10.7   11.1    9.1    74    63    72    57
    1.800       46 00100011   0.0045   0.0044  -0.0076  -0.0087    44    43    33    43   12.0   11.1   10.4   10.4    70    45    67    59
    1.840       47 00100011   0.0071   0.0179  -0.0092  -0.0109    44    38    33    36   12.0   10.0   10.4    8.8    50    58    59    50
    1.880       48 00100011   0.0157   0.0126  -0.0141  -0.0099    34    38    32    41    9.8   10.0   10.1   10.0    68    52    63    59
    1.920       49 00100011  -0.0048   0.0183  -0.0080  -0.0092    41    41    30    34   11.4   10.7    9.5    8.4    65    64    76    79
    1.960       50 00100011  -0.0019  -0.0221  -0.0045  -0.0050    39    33    33    39   11.0    8.8   10.4    9.5    70    50    55    42
    2.000       51 00100011  -0.0294  -0.0235  -0.0087  -0.0025    38    32    28    38   10.8    8.5    8.9    9.3    43    42    43    11
    2.040       52 00100011   0.0079   0.0258   0.0006  -0.0080    44    36    28    41   12.0    9.5    8.9   10.0    47    39    22    77
    2.080       53 00100011  -0.0246  -0.0105  -0.0053  -0.0019    40    35    27    33   11.2    9.3    8.6    8.1    56    45    49    40
    2.120       54 00100011   0.0043   0.0703   0.0050   0.0257    31    32    28    35    9.0    8.5    8.9    8.6    42    12    15    25
    2.160       55 00100011   0.0155   0.0120   0.0040   0.0099    39    35    29    34   11.0    9.3    9.2    8.4    49    33    25    27
    2.200       56 00100011   0.0187   0.0783  -0.0007   0.0016    36    29    27    40   10.3    7.7    8.6    9.8    29    22    25    32
    2.240       57 00100011  -0.0180   0.0114   0.0049  -0.0109    36    28    23    29   10.3    7.4    7.2    7.0    56    40    66    60
    2.280       58 00100011   0.0377  -0.0436  -0.0074   0.0206    33    31    26    33    9.5    8.2    8.3    8.1    44    46    40    30
    2.320       59 00100011   0.1957  -0.0782  -0.0657  -0.0182    35    27    22    35   10.1    7.0    6.8    8.6    15     3    16    51
    2.360       60 00100011  -0.0170  -0.0429   0.0153  -0.0044    32    29    25    33    9.3    7.7    8.0    8.1    25    25    22    62
    2.400       61 00100011   0.0325  -0.1370  -0.0246  -0.0328    31    28    24    39    9.0    7.4    7.6    9.5    20    26     5    49
    2.440       62 00100011  -0.2029  -0.0039   0.0422  -0.0193    38    25    24    39   10.8    6.4    7.6    9.5    69    45    39    64
    2.480       63 00100011   0.0467  -0.0281  -0.0250  -0.0265    39    29    25    34   11.0    7.7    8.0    8.4    47    40    30    44
    2.520       64 00100011   0.0042  -0.0591  -0.0201  -0.0309    45    25    28    39   12.2    6.4    8.9    9.5    37    21    76    70
    2.560       65 00100011  -0.1994  -0.0899   0.0408  -0.0331    38    27    23    44   10.8    7.0    7.2   10.6    54    17    11    62
    2.600       66 00100011  -0.2168   0.1952   0.0415   0.0501    41    26    24    41   11.4    6.7    7.6   10.0    67    27    19    49
    2.640       67 00100011  -0.0086  -0.1104  -0.0023  -0.0292    41    28    27    33   11.4    7.4    8.6    8.1    58    18    46    74
    2.680       68 00100011  -0.0121   0.0088  -0.0013  -0.0040    36    27    27    38   10.3    7.0    8.6    9.3    64    42    39    59
    2.720       69 00100011   0.0183   0.0785  -0.0154   0.0084    33    27    29    40    9.5    7.0    9.2    9.8    36     7     3    40
    2.760       70 00100011  -0.0041   0.0420  -0.0036   0.0132    34    32    25    29    9.8    8.5    8.0    7.0    37    38    32    57
    2.800       71 00100011   0.0002   0.0862  -0.0166   0.0160    31    28    24    40    9.0    7.4    7.6    9.8    33    50    11    69
    2.840       72 00100011   0.0045   0.0019  -0.0148  -0.0168    34    26    26    33    9.8    6.7    8.3    8.1    38    17    49    36
    2.880       73 00100011   0.0792  -0.1332  -0.0018  -0.0354    31    29    32    33    9.0    7.7   10.1    8.1    42    12    45    35
    2.920       74 00100011  -0.0210  -0.0083  -0.0043  -0.0066    38    29    27    30   10.8    7.7    8.6    7.3    36    32    30    26
    2.960       75 00100011  -0.0174  -0.0356  -0.0033  -0.0041    40    29    22    30   11.2    7.7    6.8    7.3    58    29    55    13
    3.000       76 00100011   0.0004   0.0528  -0.0115  -0.0098    34    28    21    30    9.8    7.4    6.4    7.3    49    50    40    30
    3.040       77 00100011  -0.1581  -0.2197   0.0249   0.0269    36    31    24    29   10.3    8.2    7.6    7.0    49    23    53    16
    3.080       78 00100011   0.0212  -0.0736  -0.0089   0.0287    39    33    22    29   11.0    8.8    6.8    7.0    37    38    41    65
    3.120       79 00100011   0.0588   0.1224  -0.0197   0.0319    31    28    22    29    9.0    7.4    6.8    7.0    55     1     6    22
    3.160       80 00100011  -0.0669   0.0566   0.0146   0.0169    41    28    22    32   11.4    7.4    6.8    7.8    36    31    27    46
    3.200       81 00100011  -0.0060   0.0145   0.0106   0.0037    35    31    23    36   10.1    8.2    7.2    8.8    65    27    65    43
    3.240       82 00100011   0.0301   0.0979  -0.0068   0.0154    36    36    23    34   10.3    9.5    7.2    8.4    55    20    44    73
    3.280       83 00100011   0.0097   0.0292  -0.0035  -0.0085    33    31    22    34    9.5    8.2    6.8    8.4    66    34    49    56
    3.320       84 00100011  -0.0144   0.0084  -0.0038  -0.0055    27    34    24    42    7.8    9.0    7.6   10.2    46    34    24    29
    3.360       85 00100011   0.0197   0.0092   0.0161  -0.0038    28    35    28    31    8.1    9.3    8.9    7.5    15    46    28    45
    3.400       86 00100011   0.0596   0.0290  -0.0097  -0.0088    27    32    23    43    7.8    8.5    7.2   10.4    13    32    29    49
    3.440       87 00100011  -0.0290  -0.0210  -0.0070  -0.0115    29    37    28    41    8.4    9.8    8.9   10.0    29    47    31    46
    3.480       88 00100011  -0.1016   0.0284   0.0029  -0.0087    26    40    22    42    7.5   10.5    6.8   10.2    20    42     6    63
    3.520       89 00100011  -0.0552   0.0343   0.0126  -0.0123    29    50    22    34    8.4   12.4    6.8    8.4    10    48    18    58
    3.560       90 00100011  -0.0092   0.0359  -0.0060  -0.0183    29    45    26    29    8.4   11.5    8.3    7.0    43    75    43    55
    3.600       91 00100011  -0.2427   0.0031   0.0518  -0.0090    32    52    24    31    9.3   12.7    7.6    7.5    62    81    42    43
    3.640       92 00100011   0.0604   0.0181  -0.0273  -0.0136    30    51    28    36    8.7   12.6    8.9    8.8    28    68    11    29
    3.680       93 00100011   0.0217  -0.2802  -0.0049   0.0664    32    52    25    29    9.3   12.7    8.0    7.0    13    79    35    30
    3.720       94 00100011   0.0177  -0.1873  -0.0172   0.0397    32    55    27    27    9.3   13.2    8.6    6.3    40    77    39    25
    3.760       95 00100011  -0.1825   0.0254   0.0484  -0.0147    35    60    25    33   10.1   14.0    8.0    8.1     9    79    21    36
    3.800       96 00100011   0.0030   0.0159  -0.0039  -0.0085    39    58    29    36   11.0   13.7    9.2    8.8    66    87    46    47
    3.840       97 00100011   0.0116  -0.0148  -0.0057  -0.0037    34    56    27    28    9.8   13.4    8.6    6.7    60    79    57    51
    3.880       98 00100011  -0.0013  -0.0095  -0.0029  -0.0054    38    64    27    33   10.8   14.5    8.6    8.1    44    89    58    69
    3.920       99 00100011   0.0051  -0.0129  -0.0114  -0.0063    37    55    29    36   10.5   13.2    9.2    8.8    58    87    49    68
    3.960      100 00100011   0.0265   0.0321  -0.0144  -0.0170    40    54    24    39   11.2   13.1    7.6    9.5    66    76    40    28
    4.000      101 00100011  -0.0133   0.0175  -0.0149  -0.0125    40    52    27    37   11.2   12.7    8.6    9.1    57    83    50    74
    4.040      102 00100011   0.0079   0.0001  -0.0081  -0.0081    44    49    32    49   12.0   12.2   10.1   11.5    85    89    75    67
    4.080      103 00100011   0.0049   0.0112  -0.0105  -0.0088    51    60    45    56   13.3   14.0   13.1   12.7    73    80    87    87
    4.120      104 00100011  -0.0037   0.0092  -0.0126  -0.0081    49    51    47    52   13.0   12.6   13.4   12.0    80    81    91    81
    4.160      105 00100011   0.0026   0.0001  -0.0089  -0.0083    43    59    64    62   11.8   13.8   16.1   13.6    80    83    95    85
    4.200      106 00100011  -0.0021   0.0106  -0.0081  -0.0076    58    56    85    80   14.4   13.4   18.6   15.8    80    77    95    93
    4.240      107 00100011   0.0085   0.0060  -0.0105  -0.0099    64    64    99    90   15.3   14.5   19.9   16.8    92    78    98    93
    4.280      108 00100011   0.0032   0.0039  -0.0102  -0.0095    51    61   101    99   13.3   14.1   20.1   17.6    83    77    96    94
    4.320      109 00100011   0.0051  -0.0003  -0.0082  -0.0109    50    62   109    96   13.2   14.3   20.7   17.4    83    87    97    95
    4.360      110 00100011   0.0006  -0.0013  -0.0100  -0.0102    50    55   107   106   13.2   13.2   20.6   18.2    68    74    97    95
    4.400      111 00100011   0.0026   0.0013  -0.0098  -0.0094    45    54   101   101   12.2   13.1   20.1   17.8    72    79    97    96
    4.440      112 00100011  -0.0037   0.0048  -0.0120  -0.0097    44    57   107    93   12.0   13.5   20.6   17.1    61    74    97    95
    4.480      113 00100011  -0.0076   0.0050  -0.0127  -0.0097    34    49   101    85    9.8   12.2   20.1   16.3    39    75    97    92
    4.520      114 00100011  -0.0004  -0.0136  -0.0105  -0.0133    36    50    94    83   10.3   12.4   19.5   16.1    40    77    97    94
    4.560      115 00100011   0.0071  -0.0123  -0.0084  -0.0142    31    44    85    71    9.0   11.3   18.6   14.7    36    67    98    93
    4.600      116 00100011   0.0201   0.0076  -0.0055  -0.0080    34    36    71    62    9.8    9.5   17.0   13.6    54    48    95    90
    4.640      117 00100011   0.0177   0.0189  -0.0049  -0.0031    37    31    61    51   10.5    8.2   15.7   11.9    35    53    95    85
    4.680      118 00100011   0.0149   0.0120  -0.0034  -0.0047    33    33    40    47    9.5    8.8   12.0   11.2    50    19    88    74
    4.720      119 00100011   0.0167   0.0098   0.0026  -0.0022    29    30    28    39    8.4    8.0    8.9    9.5    64    59    44    32
    4.760      120 00100011  -0.0052   0.0064   0.0033   0.0046    25    33    23    32    7.1    8.8    7.2    7.8    30    42    25    35
    4.800      121 00100011   0.0153  -0.0330   0.0094   0.0062    28    31    25    35    8.1    8.2    8.0    8.6    20     8    40    34
    4.840      122 00100011  -0.0088  -0.0480  -0.0083  -0.0035    30    34    25    32    8.7    9.0    8.0    7.8    15    41    46    37
    4.880      123 00100011   0.0153   0.0351  -0.0125  -0.0139    32    31    25    32    9.3    8.2    8.0    7.8    44    30    63    37
    4.920      124 00100011  -0.0264  -0.0629  -0.0226  -0.0190    27    30    27    44    7.8    8.0    8.6   10.6    32    21    55    48
    4.960      125 00100011   0.0402  -0.0158   0.0059  -0.0181    29    35    26    34    8.4    9.3    8.3    8.4     7    25    50    74
    5.000      126 00100011  -0.0595   0.0133  -0.0118  -0.0117    30    29    28    32    8.7    7.7    8.9    7.8    33    57    61    38
    5.040      127 00100011  -0.0455   0.0468  -0.0274   0.0019    29    29    23    33    8.4    7.7    7.2    8.1    29    17    62    73
    5.080      128 00100011   0.0237   0.0145  -0.0174  -0.0129    32    30    30    36    9.3    8.0    9.5    8.8    43    25    64    69
    5.120      129 00100011  -0.0905   0.0919   0.0001   0.0150    27    31    27    38    7.8    8.2    8.6    9.3    16     1    20    39
    5.160      130 00100011   0.0710   0.0007  -0.0042  -0.0115    27    25    27    35    7.8    6.4    8.6    8.6    11    44    25    32
    5.200      131 00100011   0.1446   0.0576  -0.0165   0.0043    29    29    24    31    8.4    7.7    7.6    7.5     9    41    12    32
    5.240      132 00100011  -0.0951   0.2168  -0.0523  -0.0494    31    30    28    33    9.0    8.0    8.9    8.1    36    46    53    46
    5.280      133 00100011  -0.1265   0.1024  -0.0150   0.0004    29    30    25    30    8.4    8.0    8.0    7.3    57    25    13    30
    5.320      134 00100011  -0.0176   0.0260  -0.0097  -0.0316    29    28    25    32    8.4    7.4    8.0    7.8    42    12    36    38
    5.360      135 00100011   0.2004  -0.0425   0.0333  -0.0198    25    30    23    33    7.1    8.0    7.2    8.1    27    24    24    46
    5.400      136 00100011   0.1416  -0.0209   0.0205  -0.0386    27    29    25    30    7.8    7.7    8.0    7.3     3    14    36    35
    5.440      137 00100011  -0.0290  -0.1406  -0.0217  -0.0302    28    27    25    31    8.1    7.0    8.0    7.5    29    24    36    19
    5.480      138 00100011   0.1599   0.1947   0.0306   0.0000    28    31    32    33    8.1    8.2   10.1    8.1    62     7    36    35
    5.520      139 00100011   0.0200  -0.0239  -0.0161  -0.0157    28    29    29    36    8.1    7.7    9.2    8.8    62    37    56    37
    5.560      140 00100011   0.0131   0.0044  -0.0012  -0.0065    30    30    25    32    8.7    8.0    8.0    7.8    53    50    73    51
    5.600      141 00100011   0.0187   0.0573  -0.0063  -0.0035    29    29    29    31    8.4    7.7    9.2    7.5    29    27    43    44
    5.640      142 00100011  -0.1327   0.0915  -0.0169   0.0133    28    30    28    29    8.1    8.0    8.9    7.0     7    19    49    28
    5.680      143 00100011   0.0271  -0.0039  -0.0104  -0.0180    25    25    26    37    7.1    6.4    8.3    9.1    63    59    65    60
    5.720      144 00100011   0.0220  -0.0186   0.0022  -0.0031    26    30    29    37    7.5    8.0    9.2    9.1    33    29    71    51
    5.760      145 00100011   0.0968   0.0617  -0.0568   0.0070    31    31    25    34    9.0    8.2    8.0    8.4    22    37    13    23
    5.800      146 00100011  -0.1175   0.0373  -0.0124   0.0164    28    31    26    36    8.1    8.2    8.3    8.8     2    29    20    57
    5.840      147 00100011   0.0548   0.0093   0.0348   0.0150    25    28    24    33    7.1    7.4    7.6    8.1    39    53    15    36
    5.880      148 00100011  -0.0938   0.0060  -0.0044  -0.0042    28    31    23    31    8.1    8.2    7.2    7.5    13    30    40    23
    5.920      149 00100011   0.1088  -0.1165  -0.0873  -0.0281    29    29    22    30    8.4    7.7    6.8    7.3    35     9     4    56
    5.960      150 00100011   0.1708   0.1010  -0.0539  -0.0039    26    30    23    34    7.5    8.0    7.2    8.4    14    46    16    17
    6.000      151 00100011   0.2074  -0.0704   0.0054  -0.0282    27    29    21    38    7.8    7.7    6.4    9.3    29    20    38    40
    6.040      152 00100011  -0.0437  -0.0611  -0.0159  -0.0283    26    30    24    25    7.5    8.0    7.6    5.7    13    24    14    32
    6.080      153 00100011   0.0819  -0.0177  -0.0019  -0.0288    26    29    25    29    7.5    7.7    8.0    7.0    24    28    38    23
    6.120      154 00100011   0.0646  -0.0506  -0.0274  -0.0308    38    26    23    39   10.8    6.7    7.2    9.5    43    35    26    34
    6.160      155 00100011   0.1366   0.4298   0.0032   0.0203    29    28    24    29    8.4    7.4    7.6    7.0    16    22     5    23
    6.200      156 00100011   0.1764   0.1227  -0.0420  -0.0391    34    30    26    33    9.8    8.0    8.3    8.1    37    24    30    23
    6.240      157 00100011  -0.0653  -0.2132   0.0155  -0.0554    27    26    24    36    7.8    6.7    7.6    8.8    38    34     6    32
    6.280      158 00100011   0.0341  -0.0162  -0.0149  -0.0019    28    33    24    28    8.1    8.8    7.6    6.7    32     7     5    52
    6.320      159 00100011   0.0974   0.0001  -0.0141  -0.0076    29    32    26    27    8.4    8.5    8.3    6.3    50    33    16    31
    6.360      160 00100011   0.0508   0.1706  -0.0258  -0.0531    33    34    25    30    9.5    9.0    8.0    7.3    36    32    22    29
    6.400      161 00100011   0.1356   0.0483  -0.0412  -0.0068    35    35    25    35   10.1    9.3    8.0    8.6    47     5    23    32
    6.440      162 00100011   0.1203   0.0434  -0.0200  -0.0011    31    33    24    35    9.0    8.8    7.6    8.6    53    27    14    37
    6.480      163 00100011  -0.1519   0.0659   0.0459   0.0257    32    31    23    39    9.3    8.2    7.2    9.5    34    11     7    57
    6.520      164 00100011   0.0177  -0.0041  -0.0063  -0.0071    36    39    26    36   10.3   10.2    8.3    8.8    43    55    36    57
    6.560      165 00100011   0.1149  -0.0043  -0.0334  -0.0057    30    32    24    39    8.7    8.5    7.6    9.5    41    36    18    48
    6.600      166 00100011   0.0215   0.0014  -0.0119   0.0071    33    37    24    31    9.5    9.8    7.6    7.5    52    55    60    13
    6.640      167 00100011  -0.0168   0.0062  -0.0040   0.0019    32    39    24    31    9.3   10.2    7.6    7.5    31    54    32    43
    6.680      168 00100011   0.2022  -0.0308   0.0762   0.0052    31    32    30    29    9.0    8.5    9.5    7.0    29    49    13    45
    6.720      169 00100011  -0.0042   0.1839  -0.0297  -0.0443    32    30    23    35    9.3    8.0    7.2    8.6    24    26     5    10
    6.760      170 00100011  -0.0003  -0.0665   0.0256   0.0232    29    33    27    32    8.4    8.8    8.6    7.8    27    54    10    11
    6.800      171 00100011   0.0302  -0.0277  -0.0071   0.0043    39    31    26    26   11.0    8.2    8.3    6.0    55    45    32    41
    6.840      172 00100011  -0.0037  -0.0178   0.0096   0.0128    55    31    26    36   14.0    8.2    8.3    8.8    78    43    34    56
    6.880      173 00100011  -0.0511   0.0156   0.0222   0.0257    65    34    23    44   15.4    9.0    7.2   10.6    78    54    57    35
    6.920      174 00100011  -0.0298  -0.0156   0.0178   0.0238    67    51    30    43   15.7   12.6    9.5   10.4    78    88    55    66
    6.960      175 00100011  -0.0144  -0.0026   0.0174   0.0228    42    52    22    44   11.6   12.7    6.8   10.6    65    80    47    45
    7.000      176 00100011  -0.0472   0.0047   0.0251   0.0235    40    41    27    52   11.2   10.7    8.6   12.0    60    64    72    81
    7.040      177 00100011   0.0093   0.0045   0.0285   0.0296    33    35    30    59    9.5    9.3    9.5   13.1    52    62    57    65
    7.080      178 00100011  -0.0190  -0.0077   0.0188   0.0225    33    37    28    58    9.5    9.8    8.9   13.0    49    31    44    83
    7.120      179 00100011  -0.0366   0.0018   0.0260   0.0251    35    57    34    43   10.1   13.5   10.6   10.4    51    72    76    76
    7.160      180 00100011  -0.0522  -0.0134   0.0222   0.0282    40    53    34    46   11.2   12.9   10.6   11.0    70    74    59    78
    7.200      181 00100011  -0.0300   0.0197   0.0190   0.0180    38    54    30    34   10.8   13.1    9.5    8.4    53    74    71    62
    7.240      182 00100011   0.0159   0.0032   0.0240   0.0297    30    32    27    36    8.7    8.5    8.6    8.8    23    28    35    47
    7.280      183 00100011   0.0203   0.0157   0.0284   0.0209    35    31    24    38   10.1    8.2    7.6    9.3    27    22    17    34
    7.320      184 00100011   0.0753   0.0491   0.0477   0.0324    31    33    23    31    9.0    8.8    7.2    7.5     5    24    30    35
    7.360      185 00100011  -0.0273  -0.0004   0.0488   0.0444    32    32    25    28    9.3    8.5    8.0    6.7    22    47    47    27
    7.400      186 00100011  -0.0709  -0.0079   0.0077   0.0261    30    36    31    38    8.7    9.5    9.8    9.3     4    23    24    51
    7.440      187 00100011  -0.0162   0.0256   0.0111   0.0185    34    41    46    54    9.8   10.7   13.3   12.4    40    72    82    63
    7.480      188 00100011   0.0406   0.0438   0.0103   0.0073    52    67    34    56   13.5   14.9   10.6   12.7    79    86    37    64
    7.520      189 00100011   0.0444   0.0246   0.0206   0.0166    47    49    41    33   12.6   12.2   12.3    8.1    78    50    43    32
    7.560      190 00100011   0.0996   0.0150   0.0473   0.0529    38    48    28    37   10.8   12.0    8.9    9.1    51    75    39    31
    7.600      191 00100011   0.0662  -0.0331   0.0757   0.0844    33    38    26    42    9.5   10.0    8.3   10.2    41    31    60    24
    7.640      192 00100011  -0.0301  -0.3000   0.0719   0.0245    29    30    27    30    8.4    8.0    8.6    7.3     2    30    37    35
    7.680      193 00100011   0.0056  -0.0820   0.0567   0.0885    29    41    24    37    8.4   10.7    7.6    9.1    21    42    32    17
    7.720      194 00100011   0.0493  -0.0416   0.0828   0.0624    34    51    25    31    9.8   12.6    8.0    7.5    24    63    23    49
    7.760      195 00100011   0.0046   0.0489   0.0421   0.0220    40    48    23    32   11.2   12.0    7.2    7.8    34    60    35    10
    7.800      196 00100011   0.0085   0.1864   0.0218  -0.0058    32    39    25    37    9.3   10.2    8.0    9.1    33    32    49    28
    7.840      197 00100011  -0.1039   0.1253   0.0817   0.0695    38    46    40    68   10.8   11.7   12.0   14.4    24    34    32    40
    7.880      198 00100011   0.1447   0.4971   0.0152   0.0119    53    80    41    48   13.7   16.5   12.3   11.3    35    32    21     2
    7.920      199 00100011   0.0029  -0.1214   0.0721   0.0499    37    43    31    45   10.5   11.1    9.8   10.8    38    32     9    30
    7.960      200 00100011  -0.1507  -0.1482  -0.0187   0.0913    32    39    34    62    9.3   10.2   10.6   13.6    37    21    55    28
    8.000      201 00100011  -0.1702   0.3453   0.0030  -0.0023    36    32    33    36   10.3    8.5   10.4    8.8    22    21    33    11
    8.040      202 00100011   0.0998   0.0598  -0.0908   0.0793    61    63    37    43   14.9   14.4   11.4   10.4    23    35    10    14
    8.080      203 00100011  -0.1143  -0.1397  -0.0756  -0.0442    33    35    29    46    9.5    9.3    9.2   11.0    31    14    27    28
    8.120      204 00100011   0.1910   0.2248   0.0790   0.0110    31    28    27    30    9.0    7.4    8.6    7.3    15    12    10    22
    8.160      205 00100011  -0.0408   0.1646  -0.0950   0.0319    69    72    70    79   15.9   15.6   16.9   15.7    42    29    70    39
    8.200      206 00100011  -0.0967  -0.3170   0.0423  -0.0123    38    43    29    48   10.8   11.1    9.2   11.3     7     3    11     9
    8.240      207 00100011  -0.1117  -0.3295  -0.0580  -0.0474    31    34    33    66    9.0    9.0   10.4   14.1    12    25    15    37
    8.280      208 00100011  -0.0991  -0.0140  -0.0601  -0.1500    34    40    29    43    9.8   10.5    9.2   10.4    34     5    15    21
    8.320      209 00100011  -0.0747   0.0384  -0.0846  -0.0770    34    41    40    48    9.8   10.7   12.0   11.3    21    32    59    48
    8.360      210 00100011   0.0518   0.0017   0.0112  -0.0120    36    47    46    54   10.3   11.9   13.3   12.4    35    24    54    49
    8.400      211 00100011  -0.1086   0.0586  -0.0791   0.0537    38    37    30    52   10.8    9.8    9.5   12.0    32    21    26    27
    8.440      212 00100011  -0.2286  -0.2669  -0.0101   0.1115    71    75    75    83   16.2   15.9   17.5   16.1    36    58    34    15
    8.480      213 00100011  -0.2187  -0.2577  -0.0214  -0.0681    84    89    86    96   17.7   17.4   18.7   17.4    40    14    43    36
    8.520      214 00100011  -0.2314   0.2470  -0.0096  -0.0098    68    68    83    79   15.8   15.1   18.4   15.7    13    24    27    29
    8.560      215 00100011  -0.2183   0.1710   0.0070  -0.0380    85    74    83    93   17.8   15.8   18.4   17.1    19    22    48    23
    8.600      216 00100011  -0.1832   0.2292  -0.0075  -0.0496    54    65    72    74   13.8   14.7   17.1   15.1    63    70    16    39
    8.640      217 00100011   0.3567  -0.4657  -0.0042  -0.0304    54    58    58    66   13.8   13.7   15.3   14.1    17    46    28    21
    8.680      218 00100011   0.3048   0.0099  -0.0175   0.0579    35    37    36    55   10.1    9.8   11.1   12.5    16    23    33    48
    8.720      219 00100011  -0.0509   0.3167   0.0162  -0.0063    43    57    45    67   11.8   13.5   13.1   14.2     8    19    36    20
    8.760      220 00100011  -0.2725   0.1733  -0.0115   0.0224    61    72    77    87   14.9   15.6   17.7   16.5    22    26    23    15
    8.800      221 00100011   0.1678  -0.1378  -0.0402   0.0049    72    66    63    74   16.3   14.8   16.0   15.1    70    21    52    20
    8.840      222 00100011   0.2148  -0.0616   0.0156   0.0173    80    76    77    83   17.2   16.0   17.7   16.1    68    13    25    19
    8.880      223 00100011  -0.1903   0.1039  -0.0644   0.1151    89    80    89    93   18.2   16.5   19.0   17.1    43    25    27    11
    8.920      224 00100011  -0.1499   0.0616   0.0033   0.0544    82   105    92   100   17.4   18.8   19.3   17.7    10    38    37    54
    8.960      225 00100011   0.0822   0.2104  -0.0625  -0.0044   113   106   108   106   20.2   18.9   20.7   18.2    38     6    12    28
    9.000      226 00100011   0.3224   0.1751  -0.0174   0.0726    91    82    95   101   18.4   16.7   19.6   17.8    30    25    51    33
    9.040      227 00100011   0.4542  -0.0060  -0.0465   0.1404   111   111   102   119   20.1   19.3   20.2   19.2    23    29    22    33
    9.080      228 00100011  -0.0412  -0.0107   0.0860   0.0324   123   129   133   128   21.0   20.6   22.5   19.9    31    20    38    43
    9.120      229 00100011   0.1055  -0.1247   0.1104  -0.0337   108   103    95   113   19.8   18.7   19.6   18.8    17    14    30    24
    9.160      230 00100011   0.2162   0.0764  -0.1227   0.1002    91    99   111   108   18.4   18.3   20.9   18.4    16    10    13    20
    9.200      231 00100011  -0.1447   0.2271   0.0072  -0.0681    76    81    86    92   16.8   16.6   18.7   17.0    21    36     1    30
    9.240      232 00100011   0.1492  -0.1198   0.0108   0.0541    89    77    85    92   18.2   16.1   18.6   17.0    50    31     3    38
    9.280      233 00100011  -0.2728   0.0562   0.0357  -0.0831    74    81    65    76   16.6   16.6   16.3   15.3    33    17    58    17
    9.320      234 00100011   0.4094  -0.0712   0.0512  -0.0349    96    99    60    65   18.8   18.3   15.6   14.0    22    18    27    28
    9.360      235 00100011  -0.4114   0.0914   0.0205  -0.0673   100   104   110   110   19.2   18.8   20.8   18.5    20    34    12    51
    9.400      236 00100011   0.1881   0.0729  -0.0137   0.0372    91    96    88    97   18.4   18.1   18.9   17.5    10    34    51    41
    9.440      237 00100011   0.0137  -0.1594  -0.0467   0.0095   117   104   119   108   20.5   18.8   21.5   18.4    31    18    13    20
    9.480      238 00100011   0.1714   0.2580  -0.0539  -0.0819   111   116    91    81   20.1   19.7   19.2   15.9    43    36    31    28
    9.520      239 00100011  -0.4238   0.0151  -0.0155  -0.0286    71    62    61    77   16.2   14.3   15.7   15.5    43    31    13    18
    9.560      240 00100011   0.0969   0.0009   0.0355   0.1310    78    77    81    88   17.0   16.1   18.2   16.6    31    42     4    23
    9.600      241 00100011  -0.1623   0.0347  -0.0809  -0.0315    91    81    77   117   18.4   16.6   17.7   19.1    15    51    39    40
    9.640      242 00100011  -0.0905   0.2765   0.0217   0.0074   108   110   116    93   19.8   19.2   21.3   17.1    33    51    25    19
    9.680      243 00100011  -0.5272  -0.2953   0.0421   0.0245    86    84    87    78   17.9   16.9   18.8   15.6    23    27    11    31
    9.720      244 00100011   0.0073   0.2528  -0.0958  -0.0188    87   108    99   107   18.0   19.1   19.9   18.3    36    21    32    30
    9.760      245 00100011  -0.1018  -0.2711   0.0130  -0.0356   117   122   122   115   20.5   20.1   21.7   18.9    35    16    22     8
    9.800      246 00100011   0.0276   0.0192  -0.0412  -0.0716    68    67    61    86   15.8   14.9   15.7   16.4    37    17    25    49
    9.840      247 00100011   0.0948  -0.3472   0.0680   0.0362   104   126   101   117   19.5   20.4   20.1   19.1    23     9    20    51
    9.880      248 00100011  -0.2653   0.0616  -0.0305   0.0269   109   108   101   102   19.9   19.1   20.1   17.9    13    13    26    52
    9.920      249 00100011   0.1990  -0.3344   0.0359  -0.0298   111   117   133   116   20.1   19.8   22.5   19.0    29    26    47    29
    9.960      250 00100011  -0.1417  -0.0315  -0.0362  -0.1090    92   107    85   100   18.4   19.0   18.6   17.7    23    48    55    50
   10.000      251 00100011  -0.2536   0.3882  -0.0016   0.0431   109   103   112   106   19.9   18.7   21.0   18.2    23    23    56    36
   10.040      252 00100011  -0.1351  -0.1880   0.0226  -0.0664    82    82    76    91   17.4   16.7   17.6   16.9    42    24    44    26
   10.080      253 00100011  -0.2900  -0.1579  -0.0359  -0.0982   126   125   107   120   21.2   20.4   20.6   19.3    17    48    39    37
   10.120      254 00100011  -0.2912  -0.0175   0.0949  -0.1042    44    50    46    74   12.0   12.4   13.3   15.1    31    34    71    12
   10.160      255 00100011  -0.1818  -0.0081  -0.0100   0.0357    84    96    65    59   17.7   18.1   16.3   13.1    54    24    56    10
   10.200      256 00100011  -0.0530   0.1561   0.0819  -0.0141    79    82    68    90   17.1   16.7   16.7   16.8    27    28    17    29
   10.240      257 00100011   0.1907   0.0755  -0.0441  -0.0532    83    76    81    95   17.6   16.0   18.2   17.3    39    17    21    44
   10.280      258 00100011  -0.0822   0.1295   0.0166   0.0482    74    93    68    68   16.6   17.8   16.7   14.4    16     9    14    31
   10.320      259 00100011  -0.0894  -0.2016  -0.0569  -0.0300   104   104   111   103   19.5   18.8   20.9   18.0     7    25    27     7
   10.360      260 00100011   0.3825   0.3673   0.0616   0.0590    65    89    67    63   15.4   17.4   16.5   13.7    52    36    19    22
   10.400      261 00100011  -0.1462  -0.2372   0.0610   0.0336    63    57    49    77   15.2   13.5   13.8   15.5    59    50    51     4
   10.440      262 00100011   0.0748   0.3776   0.0719  -0.0690    86    81    75    94   17.9   16.6   17.5   17.2    34    36    51    22
   10.480      263 00100011  -0.1052   0.1630  -0.0150   0.0637    83    91    62    75   17.6   17.6   15.8   15.2    46    34    18    24
   10.520      264 00100011   0.0181  -0.0590   0.0394  -0.0980    91    92    94    84   18.4   17.7   19.5   16.2    31    50    19    24
   10.560      265 00100011  -0.0030  -0.5197   0.0613  -0.0124    96   111    98    93   18.8   19.3   19.8   17.1    31    20    30    28
   10.600      266 00100011   0.1303  -0.0769  -0.0171  -0.0423   108   107   102    94   19.8   19.0   20.2   17.2    20    38    42    31
   10.640      267 00100011   0.0244   0.3424   0.0320   0.0156    96   104    84    95   18.8   18.8   18.5   17.3    27    27    49    21
   10.680      268 00100011   0.0096   0.2081   0.1121  -0.0578    72    79    71    76   16.3   16.4   17.0   15.3    31    48    31    14
   10.720      269 00100011  -0.4488  -0.1529  -0.0473   0.0886    57    66    44    50   14.3   14.8   12.9   11.7    37    42    38    40
   10.760      270 00100011   0.1723  -0.0774   0.0029   0.0282   105   111   112    74   19.6   19.3   21.0   15.1    26    48     7    24
   10.800      271 00100011  -0.0005  -0.4221   0.0249  -0.0587    95    86    95    98   18.7   17.1   19.6   17.5    14    39    11     6
   10.840      272 00100011  -0.4308  -0.2896   0.0250  -0.0750    68    70    45    57   15.8   15.3   13.1   12.8    54    21    24    36
   10.880      273 00100011  -0.2372  -0.1291   0.0027   0.0357    84   106   101    90   17.7   18.9   20.1   16.8     9    40    36    41
   10.920      274 00100011   0.1500   0.3374   0.1199  -0.0655    88    87    69    67   18.1   17.2   16.8   14.2    11    19    14    33
   10.960      275 00100011  -0.1100  -0.2097   0.0410  -0.0066   105   110   113   108   19.6   19.2   21.1   18.4    18    40    17    20
   11.000      276 00100011   0.2701  -0.0779  -0.0321  -0.0797    80    81    81    70   17.2   16.6   18.2   14.6    61    42    55    30
   11.040      277 00100011  -0.0319   0.2521   0.0035   0.0563    84    79    89   107   17.7   16.4   19.0   18.3    21    57    28    11
   11.080      278 00100011  -0.0054  -0.3087  -0.0043  -0.0344    81    79    79    78   17.3   16.4   18.0   15.6    10    44    36    11
   11.120      279 00100011   0.1574   0.2142   0.0900  -0.0501    66    65    54    66   15.6   14.7   14.6   14.1     6     9     8    16
   11.160      280 00100011  -0.1018  -0.2629   0.0368   0.0061    93    94    91    85   18.5   17.9   19.2   16.3    23    31    43    15
   11.200      281 00100011   0.0917   0.4213  -0.1223  -0.0068    57    88    64    81   14.3   17.3   16.1   15.9    52    32    26    39
   11.240      282 00100011   0.0046  -0.1525  -0.0661   0.0468    42    54    42    64   11.6   13.1   12.5   13.8    14    36    36    13
   11.280      283 00100011  -0.2450  -0.1079  -0.0772  -0.1156    49    51    35    62   13.0   12.6   10.9   13.6    44    22    44    37
   11.320      284 00100011  -0.0072  -0.1651   0.1076   0.1288    84    87    87   109   17.7   17.2   18.8   18.5    26     9    36     9
   11.360      285 00100011  -0.0002  -0.2149   0.0808   0.0456    83    70   104   111   17.6   15.3   20.3   18.6    17    53    17    29
   11.400      286 00100011  -0.1010   0.1447   0.0292  -0.0389    55    50    36    44   14.0   12.4   11.1   10.6    74    16    20    25
   11.440      287 00100011   0.0333   0.2379  -0.0263  -0.0565    52    41    43    65   13.5   10.7   12.7   14.0     5    44    62    41
   11.480      288 00100011  -0.2758  -0.2239   0.0367   0.1306    33    55    29    44    9.5   13.2    9.2   10.6    38    40    17    31
   11.520      289 00100011   0.4917   0.4251   0.0280  -0.0128    79    63    64    67   17.1   14.4   16.1   14.2    65    43    21    23
   11.560      290 00100011  -0.2024  -0.1270  -0.0620  -0.0461    38    57    33    57   10.8   13.5   10.4   12.8    24    28    36    32
   11.600      291 00100011  -0.0670  -0.2994  -0.0530  -0.0162    99    94    90   103   19.1   17.9   19.1   18.0    22    32    19    18
   11.640      292 00100011   0.1155   0.0965   0.0215  -0.0062    90    81    75    95   18.3   16.6   17.5   17.3    18    20    23     8
   11.680      293 00100011   0.0395   0.2130  -0.0438  -0.0442    44    56    62    57   12.0   13.4   15.8   12.8     6    23    35    39
   11.720      294 00100011   0.2426  -0.1125  -0.0297   0.0009    57    59    54    72   14.3   13.8   14.6   14.9    28    14    22    46
   11.760      295 00100011   0.0143  -0.1085   0.0121   0.0130   103    94   107   102   19.4   17.9   20.6   17.9    23    28    33    43
   11.800      296 00100011  -0.0148  -0.1060  -0.1128  -0.0844    69    69    51    66   15.9   15.2   14.2   14.1    36    23    42     9
   11.840      297 00100011  -0.1825  -0.4206   0.0369  -0.0430    63    78    54    65   15.2   16.3   14.6   14.0    18    35    61    23
   11.880      298 00100011  -0.0290  -0.4042   0.0100   0.0090    57    51    58    74   14.3   12.6   15.3   15.1    54    46    47     3
   11.920      299 00100011  -0.0041   0.1017   0.0000   0.0901    49    71    62    76   13.0   15.4   15.8   15.3    72    68    78    20
   11.960      300 00100011   0.0555  -0.2186  -0.0506  -0.0454    76    86    83    90   16.8   17.1   18.4   16.8    27    34    40    50
   12.000      301 00100011  -0.0241   0.3776  -0.0496  -0.0491    61    63    40    69   14.9   14.4   12.0   14.5    19    12    35    20
   12.040      302 00100011   0.0983   0.0324   0.0407  -0.0934    50    55    54    67   13.2   13.2   14.6   14.2    41    26    38    40
   12.080      303 00100011   0.0409   0.0210   0.0629   0.0551    79    97    93    84   17.1   18.2   19.4   16.2    23    22    27    53
   12.120      304 00100011   0.1262   0.0228   0.0199   0.0279    69    85    51    69   15.9   17.0   14.2   14.5    17    25    38    39
   12.160      305 00100011   0.1434  -0.1882  -0.0234  -0.0910    83    75    74    76   17.6   15.9   17.4   15.3    31    11    51    18
   12.200      306 00100011  -0.2066  -0.1775   0.0493  -0.0287    91   110   123   126   18.4   19.2   21.8   19.7     7    21     8    14
   12.240      307 00100011   0.1614   0.4089  -0.0409   0.0163    74    66    67    86   16.6   14.8   16.5   16.4    33    28    34    11
   12.280      308 00100011   0.0230  -0.1111   0.0705   0.0313    75    65    58    82   16.7   14.7   15.3   16.0    51    23    15    46
   12.320      309 00100011   0.3160   0.3240  -0.0383  -0.0073    50    76    51    56   13.2   16.0   14.2   12.7     8    43    25    26
   12.360      310 00100011  -0.3181   0.3526  -0.0833  -0.0457    72    89    90    84   16.3   17.4   19.1   16.2    14    18    56    17
   12.400      311 00100011   0.2862   0.1390   0.0452   0.0757    57    57    49    63   14.3   13.5   13.8   13.7    38     8    12    26
   12.440      312 00100011  -0.1089  -0.3247  -0.0474  -0.0314    69    59    76    79   15.9   13.8   17.6   15.7    37    25     8    51
   12.480      313 00100011   0.4999  -0.2831  -0.0156  -0.0880    44    57    39    51   12.0   13.5   11.8   11.9    10    35    14    21
   12.520      314 00100011  -0.1159  -0.0874   0.0960   0.0752    55    57    37    47   14.0   13.5   11.4   11.2    52    56    38     7
   12.560      315 00100011  -0.2107   0.0542  -0.0462  -0.0213    85    87    80    87   17.8   17.2   18.1   16.5    36    29    18    36
   12.600      316 00100011   0.1189   0.0386  -0.0693  -0.0862    80    65    71    76   17.2   14.7   17.0   15.3    18    35    23    38
   12.640      317 00100011  -0.0681  -0.3324   0.0205  -0.0118    71    78    64    74   16.2   16.3   16.1   15.1    33    17    27    56
   12.680      318 00100011  -0.1694  -0.2039   0.0414   0.0151    78    86    54    69   17.0   17.1   14.6   14.5    45    29    69    34
   12.720      319 00100011   0.3374   0.2065  -0.0656   0.0644    51    47    43    54   13.3   11.9   12.7   12.4    13    29    50    46
   12.760      320 00100011  -0.1864  -0.1230  -0.0799   0.0634    71    60    37    54   16.2   14.0   11.4   12.4    22    32    28    34
   12.800      321 00100011   0.0532  -0.0315  -0.0116  -0.0855    56    64    45    60   14.1   14.5   13.1   13.3    12    30    36    35
   12.840      322 00100011   0.0235   0.3227  -0.0091   0.0438    55    89    71    73   14.0   17.4   17.0   15.0    32    47    61    21
   12.880      323 00100011  -0.4598   0.2217  -0.0556  -0.0154    57    52    51    53   14.3   12.7   14.2   12.2    21    11    60    31
   12.920      324 00100011   0.1631  -0.0666   0.0277   0.0700    73    72    50    59   16.4   15.6   14.0   13.1    35    47    51    43
   12.960      325 00100011   0.2668  -0.1563   0.0538   0.0878    70    69    78    66   16.1   15.2   17.8   14.1    63    48    33    31
   13.000      326 00100011  -0.1089   0.2235   0.0067   0.1075    74    78    73    92   16.6   16.3   17.3   17.0    21    51    44    30
   13.040      327 00100011  -0.2901   0.3023   0.0026   0.0049    90    72    46    76   18.3   15.6   13.3   15.3    56    36    44    18
   13.080      328 00100011   0.0541   0.2369  -0.0624   0.0612    58    57    40    77   14.4   13.5   12.0   15.5    19    27    19    30
   13.120      329 00100011   0.2556  -0.2178  -0.0697  -0.0010    47    54    49    47   12.6   13.1   13.8   11.2    39    39    46     9
   13.160      330 00100011   0.0779  -0.2234   0.0087   0.0291    73    78    64    61   16.4   16.3   16.1   13.4    45    33    14    31
   13.200      331 00100011   0.0472  -0.3531   0.0583   0.0019    59    61    63    74   14.6   14.1   16.0   15.1    31    21    66    27
   13.240      332 00100011   0.3903   0.0443   0.0790  -0.0694    60    53    43    55   14.7   12.9   12.7   12.5    21    24    20    13
   13.280      333 00100011   0.1151  -0.2880   0.1182  -0.0062    65    79    62    74   15.4   16.4   15.8   15.1    31    27    72    17
   13.320      334 00100011   0.0792  -0.0013  -0.0532  -0.0740    66    69    51    66   15.6   15.2   14.2   14.1    47    34    43    58
   13.360      335 00100011  -0.0088  -0.3183  -0.0064   0.0503    46    50    42    47   12.4   12.4   12.5   11.2    29    28    39    43
   13.400      336 00100011  -0.0994  -0.1833   0.0331  -0.0665    72    63    72    76   16.3   14.4   17.1   15.3    44    12     9    14
   13.440      337 00100011  -0.5726  -0.3424  -0.0315   0.0235    71    58    48    66   16.2   13.7   13.6   14.1    16    26    37    40
   13.480      338 00100011  -0.5347  -0.2277  -0.0066  -0.0225    76    57    59    67   16.8   13.5   15.4   14.2    17     9    21    46
   13.520      339 00100011  -0.1677  -0.0420  -0.0893   0.0714    79    83    76    94   17.1   16.8   17.6   17.2    38    44    26    42
   13.560      340 00100011   0.1614  -0.2281  -0.0599  -0.0747    49    40    43    64   13.0   10.5   12.7   13.8    19    16    22    38
   13.600      341 00100011   0.0257   0.0525   0.0186   0.0685    59    72    61    63   14.6   15.6   15.7   13.7    64    38    36    17
   13.640      342 00100011   0.2555   0.4342   0.0010   0.0105    50    69    37    39   13.2   15.2   11.4    9.5    37    61    36    25
   13.680      343 00100011  -0.4876   0.2484   0.0284   0.0155    54    49    44    50   13.8   12.2   12.9   11.7    38    28    25    21
   13.720      344 00100011   0.5440  -0.0726  -0.0267  -0.0927    48    34    34    52   12.8    9.0   10.6   12.0    44    14    44    66
   13.760      345 00100011   0.0325   0.1105  -0.0472   0.0502    41    41    36    66   11.4   10.7   11.1   14.1    13     7    37    28
   13.800      346 00100011   0.0863   0.2501   0.0073   0.1077    75    86    76    86   16.7   17.1   17.6   16.4    64    18    51    12
   13.840      347 00100011   0.1257  -0.1180   0.0595  -0.1051    57    66    55    57   14.3   14.8   14.8   12.8    28    43    25    49
   13.880      348 00100011  -0.2379  -0.2825  -0.0426  -0.0269    39    48    31    41   11.0   12.0    9.8   10.0    32    52    19    46
   13.920      349 00100011  -0.0243   0.0373  -0.0552  -0.1114    44    48    35    49   12.0   12.0   10.9   11.5    44    31    68    27
   13.960      350 00100011   0.1674   0.1068   0.1075   0.0068    70    66    65    79   16.1   14.8   16.3   15.7    33    58     7    21
   14.000      351 00100011   0.0181  -0.1444   0.0099  -0.0498    38    53    38    47   10.8   12.9   11.6   11.2    15    26    23    20
   14.040      352 00100011  -0.0452  -0.1782   0.0233   0.0511    57    59    57    70   14.3   13.8   15.1   14.6    51    30    38    24
   14.080      353 00100011   0.0045   0.3459  -0.0372  -0.0191    74    57    64    76   16.6   13.5   16.1   15.3    13     9    12    21
   14.120      354 00100011  -0.1169  -0.0361  -0.0312   0.0825    67    58    64    66   15.7   13.7   16.1   14.1    43    65    41    53
   14.160      355 00100011  -0.1186  -0.2067  -0.0607   0.0213    48    50    36    86   12.8   12.4   11.1   16.4    37    16    20    38
   14.200      356 00100011   0.3796  -0.1354   0.0064  -0.0025    50    49    44    68   13.2   12.2   12.9   14.4     4    43     3    21
   14.240      357 00100011   0.1726   0.2714  -0.0517   0.0174    67    83    72    77   15.7   16.8   17.1   15.5    22    39    12    69
   14.280      358 00100011  -0.5276  -0.0098   0.0272   0.0956    41    38    38    44   11.4   10.0   11.6   10.6    49     7    62    16
   14.320      359 00100011  -0.0250  -0.3741   0.0262   0.0094    45    51    41    50   12.2   12.6   12.3   11.7    56    19    67    38
   14.360      360 00100011  -0.3282   0.1335  -0.0043  -0.1329    65    62    89    86   15.4   14.3   19.0   16.4    25    38    58    15
   14.400      361 00100011   0.3102  -0.0220  -0.0283   0.0980   114   121   116   113   20.3   20.1   21.3   18.8    27    47    15    12
   14.440      362 00100011  -0.1686  -0.0779   0.0114   0.0626    44    47    39    64   12.0   11.9   11.8   13.8    32    43    48    18
   14.480      363 00100011   0.3677   0.3457   0.0423  -0.0028    52    56    46    64   13.5   13.4   13.3   13.8    31    18    55    11
   14.520      364 00100011  -0.1525   0.0705   0.0631   0.0881    92    78    80    93   18.4   16.3   18.1   17.1     6    11    14    52
   14.560      365 00100011   0.1114   0.1891   0.0463  -0.0849    57    60    46    50   14.3   14.0   13.3   11.7    22    15    45    42
   14.600      366 00100011  -0.4878  -0.4688   0.0379  -0.0309    90    81    72    90   18.3   16.6   17.1   16.8     4    47    32    46
   14.640      367 00100011  -0.0638   0.1446  -0.1055   0.0170    61    68    63    65   14.9   15.1   16.0   14.0    22    23    38    10
   14.680      368 00100011  -0.1892   0.0779   0.0074  -0.0019    45    53    50    62   12.2   12.9   14.0   13.6    38    12    54    13
   14.720      369 00100011   0.1549   0.2078   0.0311   0.0422    64    53    30    43   15.3   12.9    9.5   10.4    55    22    43    37
   14.760      370 00100011  -0.5460   0.2880  -0.0421   0.0337    72    77    58    56   16.3   16.1   15.3   12.7    26     9    48    27
   14.800      371 00100011  -0.1705   0.2888  -0.0491  -0.0479    36    49    42    42   10.3   12.2   12.5   10.2    39    12    16    16
   14.840      372 00100011   0.0308  -0.3960  -0.1049  -0.0335    38    55    32    43   10.8   13.2   10.1   10.4    35    12    21    30
   14.880      373 00100011   0.1942  -0.2848  -0.0022   0.0608    53    43    30    51   13.7   11.1    9.5   11.9    31     8     5     9
   14.920      374 00100011  -0.3538   0.0983   0.0215   0.1533    50    42    45    51   13.2   10.9   13.1   11.9    24    29    31    40
   14.960      375 00100011  -0.0457   0.2340  -0.0465  -0.0326    61    52    41    63   14.9   12.7   12.3   13.7    69    41    52    23
   15.000      376 00100011  -0.1603  -0.1307  -0.0658   0.0109    53    56    49    52   13.7   13.4   13.8   12.0    48    16    34    27
   15.040      377 00100011  -0.3455   0.0008  -0.0276  -0.0991    39    46    29    45   11.0   11.7    9.2   10.8    29    26    24    25
   15.080      378 00100011  -0.4318  -0.4299   0.0046  -0.0321    38    54    31    41   10.8   13.1    9.8   10.0    23    47    30    26
   15.120      379 00100011   0.0582   0.1906  -0.0215   0.0147    46    48    38    45   12.4   12.0   11.6   10.8    20    59    45    50
   15.160      380 00100011  -0.3271  -0.0986   0.0611  -0.0177    65    56    71    64   15.4   13.4   17.0   13.8    21    48    87    39
   15.200      381 00100011   0.0378   0.1717  -0.0529   0.0694    65    69    70    79   15.4   15.2   16.9   15.7    49     8    27    18
   15.240      382 00100011  -0.4338   0.0869   0.0164   0.0946    36    40    28    46   10.3   10.5    8.9   11.0     4    24    39    50
   15.280      383 00100011  -0.3105   0.1854   0.0603  -0.0217    70    64    55    60   16.1   14.5   14.8   13.3    62    45    70    19
   15.320      384 00100011  -0.1588   0.0423   0.0826  -0.0928    55    65    61    55   14.0   14.7   15.7   12.5    55    53    33    53
   15.360      385 00100011  -0.3382  -0.0173  -0.0394  -0.0622    55    61    89    72   14.0   14.1   19.0   14.9    23    21    30    51
   15.400      386 00100011   0.1829  -0.2877   0.0001  -0.0576    66    74    57    55   15.6   15.8   15.1   12.5    25    24    29    43
   15.440      387 00100011  -0.2630  -0.3477  -0.0662   0.0745    49    56    55    58   13.0   13.4   14.8   13.0    51    29    65    23
   15.480      388 00100011   0.2446   0.1743  -0.0281   0.0606    43    37    41    50   11.8    9.8   12.3   11.7    43    10    55    45
   15.520      389 00100011   0.0993   0.0295  -0.0509  -0.0762    53    55    40    61   13.7   13.2   12.0   13.4     5    36    28    21
   15.560      390 00100011  -0.2803   0.2397  -0.0079  -0.0529    45    42    37    48   12.2   10.9   11.4   11.3    24    20    34    26
   15.600      391 00100011   0.0734  -0.3575   0.0470   0.0232    54    69    62    67   13.8   15.2   15.8   14.2    74    30     5    23
   15.640      392 00100011   0.2605  -0.0656   0.0182   0.0702    44    36    38    53   12.0    9.5   11.6   12.2    30    24    21    21
   15.680      393 00100011   0.2275   0.2477   0.0488  -0.0566    68    58    77    93   15.8   13.7   17.7   17.1    54    57    37    41
   15.720      394 00100011   0.0041   0.1384   0.0809  -0.0541   109    90    94   109   19.9   17.5   19.5   18.5    51    53    31    42
   15.760      395 00100011  -0.0093   0.0184  -0.1261  -0.0756    76    71    82    83   16.8   15.4   18.3   16.1    36    59     9    43
   15.800      396 00100011  -0.1791   0.1828   0.0783   0.0770    67    80    39    59   15.7   16.5   11.8   13.1     9    15    56    76
   15.840      397 00100011  -0.4961  -0.0445  -0.0134   0.0134    85    63    70    64   17.8   14.4   16.9   13.8     3    53    84    60
   15.880      398 00100011  -0.3211   0.0892   0.0194   0.0149    87    77    64    49   18.0   16.1   16.1   11.5    49    35     7    50
   15.920      399 00100011   0.1001  -0.4725   0.0837   0.0049    35    41    28    32   10.1   10.7    8.9    7.8    20    44    25    16
   15.960      400 00100011  -0.3909   0.1104   0.0212  -0.0455    37    64    64    51   10.5   14.5   16.1   11.9    21    40    64    40
   16.000      401 00100011   0.1801   0.0056  -0.0203  -0.0544    38    38    66    77   10.8   10.0   16.4   15.5    40    27    63    43
   16.040      402 00100011   0.1766   0.2757   0.0208   0.0378    50    50    36    49   13.2   12.4   11.1   11.5    10    41    34    24
   16.080      403 00100011   0.3052   0.2652  -0.0061  -0.0053   120   134   103   124   20.8   21.0   20.3   19.6    21    65    59    65
   16.120      404 00100011   0.3551   0.3058   0.0028   0.0010    69    93    96    81   15.9   17.8   19.6   15.9    39    56    23    55
   16.160      405 00100011  -0.1946  -0.0069  -0.0665   0.0068    63    55    52    89   15.2   13.2   14.3   16.7    44    17    57    69
   16.200      406 00100011  -0.1352  -0.0286  -0.0754  -0.0498    62    43    48    53   15.0   11.1   13.6   12.2     2    28    36    25
   16.240      407 00100011   0.0264   0.0756  -0.0642  -0.0625    96    96    78    77   18.8   18.1   17.8   15.5    39    53    44    42
   16.280      408 00100011   0.0044   0.1274  -0.0421  -0.0469    93    69    66    83   18.5   15.2   16.4   16.1    45    27    64    54
   16.320      409 00100011  -0.1952  -0.0121   0.0483   0.0356    94    89    84   104   18.6   17.4   18.5   18.1    37    17     5    43
   16.360      410 00100011   0.4506  -0.2142  -0.0081  -0.0238    80    75    54    57   17.2   15.9   14.6   12.8    54    59    27    27
   16.400      411 00100011   0.3369   0.0476  -0.0251   0.1116    75    75    81   114   16.7   15.9   18.2   18.9    73    29    43    59
   16.440      412 00100011   0.2850  -0.5056  -0.0060  -0.0018    51    47    59    73   13.3   11.9   15.4   15.0    26    62    77    65
   16.480      413 00100011   0.2484  -0.0037   0.0445  -0.0726    63    44    28    43   15.2   11.3    8.9   10.4    80    21    34    46
   16.520      414 00100011   0.2287   0.0129   0.0246  -0.0974    45    37    24    40   12.2    9.8    7.6    9.8    51    49    11    62
   16.560      415 00100011   0.2413  -0.0307   0.0333  -0.1034    56    77    36    75   14.1   16.1   11.1   15.2    73    81    15    64
   16.600      416 00100011  -0.3316   0.1150  -0.0047  -0.0687    65    69    59    79   15.4   15.2   15.4   15.7    64    58    16    60
   16.640      417 00100011  -0.2111  -0.0385  -0.0599  -0.0645    53    91    37    83   13.7   17.6   11.4   16.1    61    26    70    37
   16.680      418 00100011  -0.2388   0.0662  -0.0302  -0.0410    67   105    59    42   15.7   18.8   15.4   10.2    31    62    72    22
   16.720      419 00100011   0.1265   0.1031   0.0641  -0.0410    40    59    36    36   11.2   13.8   11.1    8.8    74    59    62    25
   16.760      420 00100011   0.5048  -0.4281  -0.0013  -0.0014    34    38    33    52    9.8   10.0   10.4   12.0    52    37    30    36
   16.800      421 00100011  -0.2070   0.0859  -0.0600  -0.0618    74    68    79    86   16.6   15.1   18.0   16.4    65    62    79    62
   16.840      422 00100011  -0.1764   0.0991  -0.0551  -0.0523    80   103    96   100   17.2   18.7   19.6   17.7    64    64    76    42
   16.880      423 00100011   0.3647  -0.0059  -0.0595   0.0600    44    38    34    43   12.0   10.0   10.6   10.4    59    31    63    23
   16.920      424 00100011  -0.0743   0.1010   0.0660   0.0482    36    33    41    52   10.3    8.8   12.3   12.0    56    13    48    57
   16.960      425 00100011  -0.3154   0.0193   0.0053   0.0197    50    42    38    53   13.2   10.9   11.6   12.2    44    29    36    37
   17.000      426 00100011  -0.0707   0.0933  -0.0143   0.0032    57    59    35    55   14.3   13.8   10.9   12.5    46    70    40    48
   17.040      427 00100011  -0.1542   0.1064  -0.0239  -0.0024    39    69    47   110   11.0   15.2   13.4   18.5    29    50    71    63
   17.080      428 00100011   0.1405  -0.2391   0.0617  -0.0795    54    51    48    54   13.8   12.6   13.6   12.4    21    19    58    37
   17.120      429 00100011  -0.1518   0.0475   0.0040   0.0044   111   103   115   123   20.1   18.7   21.2   19.5    84    81    92    86
   17.160      430 00100011  -0.1830   0.0137  -0.0085  -0.0074   137   149   170   144   21.9   21.9   24.6   20.9    71    66    80    59
   17.200      431 00100011  -0.1175   0.0124  -0.0402  -0.0400   107   117   161   121   19.8   19.8   24.1   19.4    88    84    76    77
   17.240      432 00100011  -0.1149   0.2031  -0.0769  -0.0390    43    48    81    68   11.8   12.0   18.2   14.4    55    22    65    67
   17.280      433 00100011  -0.0980   0.1718  -0.0599  -0.0146    56    41    54    55   14.1   10.7   14.6   12.5    45    18    40    67
   17.320      434 00100011  -0.1558  -0.0166  -0.0208  -0.0214   105    94   100   122   19.6   17.9   20.0   19.4    91    62    87    42
   17.360      435 00100011  -0.1362  -0.0764  -0.0271  -0.0287    61    61    83    83   14.9   14.1   18.4   16.1    78    65    92    79
   17.400      436 00100011  -0.1007  -0.1397  -0.0199  -0.0251    73    69    48    63   16.4   15.2   13.6   13.7    52    66    35    31
   17.440      437 00100011  -0.1468  -0.0671   0.0144   0.0131    80    56    81   114   17.2   13.4   18.2   18.9    77    40    73    89
   17.480      438 00100011  -0.1945  -0.0067   0.0200   0.0195   100    84    44    71   19.2   16.9   12.9   14.7    81    85    35    62
   17.520      439 00100011  -0.1341   0.1667   0.0447   0.0517    61    67    45    46   14.9   14.9   13.1   11.0    51    25    30    26
   17.560      440 00100011  -0.1872   0.2037   0.0270   0.0658    41    34    42   103   11.4    9.0   12.5   18.0    58    23    54    89
   17.600      441 00100011  -0.1202   0.0390   0.0143   0.0271    31    37    47    88    9.0    9.8   13.4   16.6    31    53    56    77
   17.640      442 00100011  -0.1441   0.0412   0.0374   0.0402    32    32    33    46    9.3    8.5   10.4   11.0    55    14    65    80
   17.680      443 00100011  -0.1192   0.0061   0.0155   0.0112    55    40    33    72   14.0   10.5   10.4   14.9    68    22    75    83
   17.720      444 00100011  -0.1349  -0.0045   0.0009  -0.0060    67    52   105    89   15.7   12.7   20.4   16.7    61    73    94    84
   17.760      445 00100011  -0.1735   0.0753   0.0033  -0.0164    46    45    67    59   12.4   11.5   16.5   13.1    43    30    63    34
   17.800      446 00100011  -0.0606  -0.0031  -0.0430  -0.0542    92    98   122   134   18.4   18.2   21.7   20.3    35    54    75    60
   17.840      447 00100011   0.0147   0.1406  -0.0366  -0.0244    70    55    91    59   16.1   13.2   19.2   13.1    55    28    88    61
   17.880      448 00100011  -0.1369  -0.0136   0.0310   0.0300    87   103    65    65   18.0   18.7   16.3   14.0    90    89    87    82
   17.920      449 00100011  -0.1760  -0.1412   0.0184   0.0494    35    46    42    50   10.1   11.7   12.5   11.7    31    39    71     4
   17.960      450 00100011  -0.0416  -0.2594   0.0487   0.0993    40    52    27    35   11.2   12.7    8.6    8.6    56    61    28    22
   18.000      451 00100011  -0.1348  -0.0800   0.0792   0.0761   113   125    73    85   20.2   20.4   17.3   16.3    87    88    62    72
   18.040      452 00100011  -0.0953  -0.0941   0.0822   0.0811    58    59    99    84   14.4   13.8   19.9   16.2    56    43    94    84
   18.080      453 00100011   0.2389  -0.0974  -0.0776   0.0912    44    45    36    55   12.0   11.5   11.1   12.5    11    25    54    59
   18.120      454 00100011  -0.1102  -0.0312   0.0074   0.0036    63    70    55    61   15.2   15.3   14.8   13.4    61    19    77    47
   18.160      455 00100011  -0.1660  -0.0886   0.0029   0.0179    34    37    36    33    9.8    9.8   11.1    8.1    15    14    69    22
   18.200      456 00100011  -0.1111   0.0397  -0.0525  -0.0472    35    34    22    34   10.1    9.0    6.8    8.4    29    33    47    45
   18.240      457 00100011   0.0594   0.0351  -0.0136  -0.0258    40    42    34    43   11.2   10.9   10.6   10.4    52    28    29    16
   18.280      458 00100011  -0.1147  -0.0134   0.0132   0.0135    96    60    37    66   18.8   14.0   11.4   14.1    89    61    63    72
   18.320      459 00100011  -0.1197  -0.0113   0.0072   0.0073   124   129   123   137   21.0   20.6   21.8   20.5    93    95    93    95
   18.360      460 00100011  -0.1247  -0.0077   0.0044   0.0042    83    86   149   120   17.6   17.1   23.5   19.3    83    76    98    89
   18.400      461 00100011  -0.0248   0.0678   0.0317   0.0084    51    46    41    36   13.3   11.7   12.3    8.8    39    23    78    13
   18.440      462 00100011  -0.0861  -0.0805   0.0204   0.0211   132    96    61    88   21.6   18.1   15.7   16.6    61    64    70    86
   18.480      463 00100011  -0.0884  -0.0863   0.0194   0.0170   111    97   111   124   20.1   18.2   20.9   19.6    92    88    96    97
   18.520      464 00100011  -0.0677  -0.1085   0.0189   0.0125    81    53    64   113   17.3   12.9   16.1   18.8    89    81    82    90
   18.560      465 00100011  -0.0873  -0.0876   0.0160   0.0208    40    45    36    91   11.2   11.5   11.1   16.9    62    68    63    88
   18.600      466 00100011  -0.0510  -0.2451  -0.0745  -0.0193    47    60    42    61   12.6   14.0   12.5   13.4    58    64    34    52
   18.640      467 00100011  -0.0741  -0.0650  -0.0768  -0.0704    60    92    72    76   14.7   17.7   17.1   15.3    46    92    84    83
   18.680      468 00100011   0.0090   0.0161  -0.0432  -0.0340    45    39    37    91   12.2   10.2   11.4   16.9    39    23    55    84
   18.720      469 00100011  -0.0607  -0.0338  -0.0265  -0.0261    46    42    40    48   12.4   10.9   12.0   11.3    55    57    62    58
   18.760      470 00100011  -0.1205  -0.0142  -0.0051  -0.0009    90    50    37    63   18.3   12.4   11.4   13.7    70    66    50    32
   18.800      471 00100011  -0.1544  -0.0604   0.0041   0.0070   118   115   113   111   20.6   19.6   21.1   18.6    84    87    89    87
   18.840      472 00100011  -0.1711  -0.0530   0.0051   0.0025    83    70    94    79   17.6   15.3   19.5   15.7    67    76    90    83
   18.880      473 00100011  -0.0810  -0.0962   0.0435   0.0502    41    51    45    42   11.4   12.6   13.1   10.2    40    59    48    37
   18.920      474 00100011  -0.0334  -0.1073   0.0597   0.0568    38    37    38    51   10.8    9.8   11.6   11.9    45    50    63    68
   18.960      475 00100011  -0.0145  -0.0679   0.0515   0.0530    51    46    40    54   13.3   11.7   12.0   12.4    75    33    61    79
   19.000      476 00100011  -0.0848  -0.1819   0.0158   0.0237    48    35    31    56   12.8    9.3    9.8   12.7    68    16    14    39
   19.040      477 00100011  -0.0832  -0.0459   0.0162   0.0159    80    75    71    73   17.2   15.9   17.0   15.0    88    81    72    77
   19.080      478 00100011  -0.1502  -0.0736  -0.0017   0.0102    42    36    50    63   11.6    9.5   14.0   13.7    19    39    88    57
   19.120      479 00100011  -0.0795  -0.0119  -0.0162  -0.0133    35    41    27    39   10.1   10.7    8.6    9.5    47    67    21    54
   19.160      480 00100011  -0.0491  -0.0056  -0.0182  -0.0217    33    40    50    63    9.5   10.5   14.0   13.7    66    75    74    79
   19.200      481 00100011  -0.0630  -0.0007  -0.0231  -0.0257    35    51    39    49   10.1   12.6   11.8   11.5    56    74    64    75
   19.240      482 00100011  -0.0850   0.0025  -0.0141  -0.0165    50    49    49    86   13.2   12.2   13.8   16.4    75    70    84    95
   19.280      483 00100011  -0.0922   0.0086  -0.0122  -0.0164    68    58    53    74   15.8   13.7   14.5   15.1    82    76    89    91
   19.320      484 00100011  -0.0872  -0.0237  -0.0213  -0.0112    57    42    32    44   14.3   10.9   10.1   10.6    91    69    74    30
   19.360      485 00100011  -0.0728   0.0214  -0.0246  -0.0254    46    39    53    70   12.4   10.2   14.5   14.6    71    63    75    89
   19.400      486 00100011  -0.0405  -0.0037  -0.0186  -0.0300    50    44    73    73   13.2   11.3   17.3   15.0    74    49    87    87
   19.440      487 00100011  -0.0537   0.0068  -0.0229  -0.0284    75    61    51    55   16.7   14.1   14.2   12.5    82    70    77    47
   19.480      488 00100011  -0.0898  -0.0301  -0.0098  -0.0115    87    91    84    89   18.0   17.6   18.5   16.7    91    81    83    80
   19.520      489 00100011  -0.0677  -0.1536  -0.0073  -0.0423    32    34    82    40    9.3    9.0   18.3    9.8    24     5    93    68
   19.560      490 00100011  -0.0978  -0.0449  -0.0229  -0.0090    33    39    25    31    9.5   10.2    8.0    7.5    26    45    46    20
   19.600      491 00100011  -0.0251   0.0197  -0.0465  -0.0274    34    38    22    33    9.8   10.0    6.8    8.1    32    21    40    52
   19.640      492 00100011  -0.0162   0.0698  -0.0065  -0.0127    30    36    24    38    8.7    9.5    7.6    9.3    35    44    56    58
   19.680      493 00100011  -0.0378   0.0183  -0.0076  -0.0102    36    35    26    38   10.3    9.3    8.3    9.3    52    50    56    52
   19.720      494 00100011  -0.1062  -0.0287  -0.0243   0.0011    38    32    34    48   10.8    8.5   10.6   11.3    50    57    47    56
   19.760      495 00100011  -0.1081   0.0201  -0.0279  -0.0187    35    34    33    38   10.1    9.0   10.4    9.3    60    34    40    57
   19.800      496 00100011  -0.0729  -0.0168  -0.0214  -0.0203    41    50    23    36   11.4   12.4    7.2    8.8    67    67    35    23
   19.840      497 00100011  -0.0844  -0.0530  -0.0120  -0.0122    44    92    30    50   12.0   17.7    9.5   11.7    67    68    58    65
   19.880      498 00100011  -0.0665  -0.0136   0.0034   0.0015    41    57    26    40   11.4   13.5    8.3    9.8    43    60    52    58
   19.920      499 00100011  -0.1652   0.0613  -0.0088  -0.0338    38    38    25    42   10.8   10.0    8.0   10.2    19    37    15     9
   19.960      500 00100011  -0.1346   0.0207  -0.0228  -0.0222    51    60    61    87   13.3   14.0   15.7   16.5    64    72    79    83
   20.000      501 00100011  -0.1327   0.0482  -0.0304  -0.0270    63    71    81    80   15.2   15.4   18.2   15.8    71    71    95    79
   20.040      502 00100011  -0.0896   0.0357  -0.0156  -0.0128    34    64    36    70    9.8   14.5   11.1   14.6    64    85    29    21
   20.080      503 00100011  -0.0274  -0.0267   0.0125   0.0025    30    34    35    47    8.7    9.0   10.9   11.2    22    59    42    61
   20.120      504 00100011  -0.0489  -0.1178   0.0054   0.0334    31    36    32    35    9.0    9.5   10.1    8.6    31    28    41    19
   20.160      505 00100011  -0.1405  -0.0645  -0.0218  -0.0144    47    43    23    37   12.6   11.1    7.2    9.1    73    70     7    36
   20.200      506 00100011  -0.0928  -0.0403  -0.0270  -0.0224    64    83    47    55   15.3   16.8   13.4   12.5    76    92    76    52
   20.240      507 00100011  -0.0715  -0.0492  -0.0215  -0.0125    32    34    56    45    9.3    9.0   15.0   10.8    41    72    74    36
   20.280      508 00100011  -0.0968  -0.0625  -0.0097  -0.0155    29    38    29    34    8.4   10.0    9.2    8.4    35    47    23     7
   20.320      509 00100011  -0.0650  -0.0235  -0.0003  -0.0026    33    39    27    36    9.5   10.2    8.6    8.8    36    47    39    34
   20.360      510 00100011  -0.0744  -0.0180   0.0017   0.0024    38    47    65    63   10.8   11.9   16.3   13.7    74    79    88    91
   20.400      511 00100011  -0.0679  -0.0081  -0.0027  -0.0042    33    40    49    59    9.5   10.5   13.8   13.1    44    58    85    85
   20.440      512 00100011  -0.0272   0.0470   0.0027  -0.0194    35    34    31    37   10.1    9.0    9.8    9.1    23    53    59    43
   20.480      513 00100011  -0.0374  -0.0182  -0.0219  -0.0140    39    31    25    36   11.0    8.2    8.0    8.8    52    12    36    28
   20.520      514 00100011  -0.0515   0.0080  -0.0200  -0.0213    36    32    29    42   10.3    8.5    9.2   10.2    27    25    74    39
   20.560      515 00100011  -0.0094  -0.0617  -0.0034  -0.0128    38    37    28    59   10.8    9.8    8.9   13.1    38    50    63    82
   20.600      516 00100011   0.0187  -0.0683   0.0134  -0.0075    52    51    23    36   13.5   12.6    7.2    8.8    38    62    43    58
   20.640      517 00100011  -0.0004  -0.0381  -0.0079   0.0019    48    64    33    51   12.8   14.5   10.4   11.9    53    70    42    51
   20.680      518 00100011  -0.0037  -0.0391  -0.0018  -0.0072    35    37    33    56   10.1    9.8   10.4   12.7    77    52    29    68
   20.720      519 00100011  -0.0419  -0.0140   0.0005   0.0074    38    38    24    40   10.8   10.0    7.6    9.8    68    66    52    72
   20.760      520 00100011  -0.0379  -0.0164   0.0025   0.0073    39    54    29    39   11.0   13.1    9.2    9.5    76    77    59    64
   20.800      521 00100011  -0.0794  -0.0077   0.0069   0.0064    40    49    44    50   11.2   12.2   12.9   11.7    38    89    62    39
   20.840      522 00100011  -0.1590   0.0155  -0.0083  -0.0093    42    34    26    35   11.6    9.0    8.3    8.6    22    25    53    59
   20.880      523 00100011  -0.0329   0.0639  -0.0026   0.0142    75    50    39    50   16.7   12.4   11.8   11.7    75     3    35    15
   20.920      524 00100011  -0.1175  -0.0058   0.0011  -0.0104   135   129   121   126   21.8   20.6   21.7   19.7    63    69    13    25
   20.960      525 00100011  -0.0459  -0.0084  -0.0378  -0.0173    68    65   153   107   15.8   14.7   23.7   18.3    49    46    77    61
   21.000      526 00100011  -0.1364   0.0234  -0.0516  -0.0176    31    29    63    59    9.0    7.7   16.0   13.1    17     4    53    48
   21.040      527 00100011  -0.0981   0.1011  -0.0120  -0.0369    30    31    26    39    8.7    8.2    8.3    9.5     8    45    11    24
   21.080      528 00100011  -0.1247   0.0041   0.0173   0.0044    37    33    27    33   10.5    8.8    8.6    8.1    63    45     9    44
   21.120      529 00100011  -0.1355  -0.0206   0.0191   0.0168    43    35    24    45   11.8    9.3    7.6   10.8    40    41    54    61
   21.160      530 00100011  -0.1536  -0.0853   0.0044   0.0060    36    32    34    52   10.3    8.5   10.6   12.0    53    32    76    32
   21.200      531 00100011  -0.1394  -0.0689  -0.0018   0.0060    37    34    25    42   10.5    9.0    8.0   10.2    76    69    58    57
   21.240      532 00100011  -0.0625  -0.0023  -0.0084  -0.0182    36    43    26    32   10.3   11.1    8.3    7.8    84    84    65    52
   21.280      533 00100011   0.0179  -0.0101   0.0079  -0.0138    38    36    36    70   10.8    9.5   11.1   14.6     4    67    84    82
   21.320      534 00100011  -0.0885  -0.0056  -0.0228  -0.0162    44    33    23    42   12.0    8.8    7.2   10.2    71    19    32    73
   21.360      535 00100011  -0.0793  -0.0336  -0.0156  -0.0133    40    38    27    36   11.2   10.0    8.6    8.8    25    78    38    51
   21.400      536 00100011  -0.0431  -0.0170  -0.0145  -0.0072    39    45    25    38   11.0   11.5    8.0    9.3    59    71    41    62
   21.440      537 00100011  -0.0613  -0.0281  -0.0056  -0.0048    58    48    33    43   14.4   12.0   10.4   10.4    80    82    80    61
   21.480      538 00100011  -0.0776  -0.0374  -0.0051  -0.0082    89    81    62    69   18.2   16.6   15.8   14.5    88    85    85    88
   21.520      539 00100011  -0.0541  -0.0247  -0.0014  -0.0065    84    54    89    94   17.7   13.1   19.0   17.2    88    79    94    93
   21.560      540 00100011  -0.0731  -0.0210  -0.0049  -0.0076    67    73    65   107   15.7   15.7   16.3   18.3    90    84    90    95
   21.600      541 00100011  -0.0545  -0.0340  -0.0045  -0.0105    56    91    47    79   14.1   17.6   13.4   15.7    67    90    86    94
   21.640      542 00100011  -0.0646  -0.0130  -0.0107  -0.0118    62    51    67    36   15.0   12.6   16.5    8.8    91    76    97    71
   21.680      543 00100011  -0.0541  -0.0291  -0.0142  -0.0103    80    74    52    62   17.2   15.8   14.3   13.6    94    84    76    90
   21.720      544 00100011  -0.0637  -0.0146  -0.0106  -0.0073    42    43    51    83   11.6   11.1   14.2   16.1    68    37    77    86
   21.760      545 00100011  -0.0625  -0.0302   0.0008  -0.0002    53    36    33    50   13.7    9.5   10.4   11.7    87    54    67    70
   21.800      546 00100011  -0.0689  -0.0180   0.0025  -0.0017    47    59    43    48   12.6   13.8   12.7   11.3    86    80    74    52
   21.840      547 00100011  -0.0654  -0.0453  -0.0036  -0.0043    43    55    50    47   11.8   13.2   14.0   11.2    71    68    87    82
   21.880      548 00100011  -0.0148  -0.0514   0.0029  -0.0063    32    37    54    35    9.3    9.8   14.6    8.6    26    38    75    23
   21.920      549 00100011  -0.1183  -0.1033   0.0117  -0.0206    35    29    29    42   10.1    7.7    9.2   10.2    45    49    30    45
   21.960      550 00100011  -0.0266  -0.0808   0.0109  -0.0129    31    28    23    31    9.0    7.4    7.2    7.5    34    25    18    23
   22.000      551 00100011   0.0538  -0.0470   0.0101   0.0182    29    28    27    43    8.4    7.4    8.6   10.4    29    29    13    23
   22.040      552 00100011  -0.0757  -0.0332   0.0256   0.0177    33    34    28    38    9.5    9.0    8.9    9.3    21    60    45    44
   22.080      553 00100011  -0.0515  -0.0503   0.0065   0.0134    33    39    33    45    9.5   10.2   10.4   10.8    56    66    51    79
   22.120      554 00100011  -0.0336  -0.0447   0.0187   0.0094    35    53    27    47   10.1   12.9    8.6   11.2    69    85    53    41
   22.160      555 00100011  -0.0116  -0.0592  -0.0051   0.0038    29    47    26    55    8.4   11.9    8.3   12.5    69    60    46    68
   22.200      556 00100011  -0.0452  -0.0439   0.0013   0.0084    45    35    24    55   12.2    9.3    7.6   12.5    60    39    28    85
   22.240      557 00100011  -0.0926  -0.0574   0.0088   0.0082    85    73    31    39   17.8   15.7    9.8    9.5    91    82    43    33
   22.280      558 00100011  -0.0525  -0.0180  -0.0014  -0.0030    75   100    41    58   16.7   18.4   12.3   13.0    88    96    78    72
   22.320      559 00100011  -0.0452  -0.0097   0.0002   0.0018    61    64    98    68   14.9   14.5   19.8   14.4    84    66    95    84
   22.360      560 00100011  -0.0748  -0.0431  -0.0044   0.0098    36    54    72    64   10.3   13.1   17.1   13.8    45    78    83    80
   22.400      561 00100011  -0.0491  -0.0105   0.0215   0.0268    31    29    35    37    9.0    7.7   10.9    9.1    33    33    50    44
   22.440      562 00100011  -0.0234   0.0388   0.0171   0.0335    31    30    27    42    9.0    8.0    8.6   10.2    12    32    73    64
   22.480      563 00100011  -0.1361   0.0541   0.0180   0.0522    33    28    23    37    9.5    7.4    7.2    9.1    26    20    33    55
   22.520      564 00100011  -0.1020   0.0916   0.0213   0.0609    36    31    23    35   10.3    8.2    7.2    8.6    42    28    57    51
   22.560      565 00100011  -0.0799   0.0602   0.0091   0.0168    32    30    31    35    9.3    8.0    9.8    8.6    13     3    50    22
   22.600      566 00100011  -0.0397   0.0195  -0.0035  -0.0015    33    36    30    57    9.5    9.5    9.5   12.8    30    58    37    71
   22.640      567 00100011  -0.1204  -0.0083   0.0072  -0.0083    31    32    25    53    9.0    8.5    8.0   12.2    57    70    24    80
   22.680      568 00100011  -0.0569   0.0078  -0.0053  -0.0091    38    39    31    57   10.8   10.2    9.8   12.8    64    52    65    80
   22.720      569 00100011  -0.0445  -0.0060  -0.0115  -0.0109    64    96    41    62   15.3   18.1   12.3   13.6    93    95    46    79
   22.760      570 00100011  -0.0459  -0.0048  -0.0149  -0.0123    67   110    40    96   15.7   19.2   12.0   17.4    80    96    58    91
   22.800      571 00100011  -0.0503   0.0056  -0.0220  -0.0162    60    68    62    98   14.7   15.1   15.8   17.5    85    90    87    89
   22.840      572 00100011  -0.0370   0.0025  -0.0236  -0.0214    49    43    60    77   13.0   11.1   15.6   15.5    66    79    82    85
   22.880      573 00100011  -0.0359  -0.0092  -0.0222  -0.0226    63    43    59    60   15.2   11.1   15.4   13.3    80    66    88    85
   22.920      574 00100011  -0.0511  -0.0429  -0.0231  -0.0278    74    86    33    74   16.6   17.1   10.4   15.1    83    82    76    84
   22.960      575 00100011  -0.0384  -0.0267  -0.0285  -0.0334    49    74    37    52   13.0   15.8   11.4   12.0    81    88    59    67
   23.000      576 00100011  -0.0116  -0.0437  -0.0218  -0.0334    41    32    35    43   11.4    8.5   10.9   10.4    58    34    55    51
   23.040      577 00100011  -0.0427   0.0064  -0.0272  -0.0230    39    39    32    46   11.0   10.2   10.1   11.0    39    76    38    63
