    8.440      212 00100011   0.0175   0.0139  -0.0020  -0.0054    33    62    24    36    9.5   14.3    7.6    8.8    55    75    43    42
    8.480      213 00100011  -0.0617   0.1942   0.0076  -0.0538    37    61    32    33   10.5   14.1   10.1    8.1    29    69    21    33
    8.520      214 00100011   0.0403  -0.0217  -0.0254  -0.0016    43    66    29    38   11.8   14.8    9.2    9.3    54    78    25    34
    8.560      215 00100011   0.0024   0.0361  -0.0026  -0.0166    44    61    24    36   12.0   14.1    7.6    8.8    58    80    40    45
    8.600      216 00100011   0.0359   0.0392  -0.0161  -0.0126    48    60    22    34   12.8   14.0    6.8    8.4    81    79    38    50
    8.640      217 00100011   0.0253   0.0088  -0.0045  -0.0025    53    68    26    38   13.7   15.1    8.3    9.3    83    89    45    62
    8.680      218 00100011   0.0259  -0.0227  -0.0039   0.0050    47    59    25    30   12.6   13.8    8.0    7.3    73    80    32    37
    8.720      219 00100011  -0.0046   0.0349   0.0016  -0.0083    49    62    26    33   13.0   14.3    8.3    8.1    67    84    54    45
    8.760      220 00100011  -0.0309  -0.0003   0.0052  -0.0029    43    71    25    35   11.8   15.4    8.0    8.6    77    77    12    49
    8.800      221 00100011   0.0295  -0.0057  -0.0062  -0.0013    43    82    25    36   11.8   16.7    8.0    8.8    62    84    39    32
    8.840      222 00100011   0.0089  -0.0030  -0.0055  -0.0005    42    73    33    38   11.6   15.7   10.4    9.3    65    87    62    51
    8.880      223 00100011  -0.0466   0.0272   0.0115  -0.0084    48    85    24    29   12.8   17.0    7.6    7.0    74    90     6    60
    8.920      224 00100011  -0.0119   0.0005  -0.0005  -0.0018    57    85    27    37   14.3   17.0    8.6    9.1    86    89    51    49
    8.960      225 00100011   0.0247   0.0236  -0.0076  -0.0087    56    83    25    34   14.1   16.8    8.0    8.4    85    89    36    43
    9.000      226 00100011   0.0543   0.0124  -0.0145  -0.0023    64    81    25    37   15.3   16.6    8.0    9.1    89    90    27    45
    9.040      227 00100011  -0.0176  -0.0127   0.0025   0.0006    64    76    23    31   15.3   16.0    7.2    7.5    87    91    53    46
    9.080      228 00100011  -0.0186  -0.0093   0.0031   0.0014    61    86    24    34   14.9   17.1    7.6    8.4    73    87    40    38
    9.120      229 00100011   0.0351  -0.0221  -0.0141   0.0047    49    87    26    32   13.0   17.2    8.3    7.8    83    90    48    33
    9.160      230 00100011  -0.0667   0.0064   0.0158  -0.0040    54   100    26    30   13.8   18.4    8.3    7.3    77    92    12    28
    9.200      231 00100011  -0.0372  -0.0863   0.0052   0.0201    62   112    29    37   15.0   19.4    9.2    9.1    87    95    22     3
    9.240      232 00100011  -0.2607   0.0224   0.0604  -0.0082    65   100    23    39   15.4   18.4    7.2    9.5    87    94    20    40
    9.280      233 00100011   0.0937   0.0288  -0.0266  -0.0102    75   101    25    37   16.7   18.5    8.0    9.1    87    94    14    42
    9.320      234 00100011  -0.0629  -0.0843   0.0123   0.0229    60   100    21    30   14.7   18.4    6.4    7.3    82    93    20    13
    9.360      235 00100011  -0.0298  -0.0079   0.0058  -0.0013    58   110    27    30   14.4   19.2    8.6    7.3    80    92    20    44
    9.400      236 00100011  -0.0248  -0.0038   0.0039  -0.0006    63   104    30    38   15.2   18.8    9.5    9.3    83    95    23    23
    9.440      237 00100011  -0.0344   0.0037   0.0057  -0.0028    75    98    25    34   16.7   18.2    8.0    8.4    90    93    17    22
    9.480      238 00100011  -0.0132  -0.0059   0.0004  -0.0028    62    92    24    37   15.0   17.7    7.6    9.1    86    94    24    42
    9.520      239 00100011  -0.0627  -0.0166   0.0131   0.0011    47    91    25    31   12.6   17.6    8.0    7.5    57    92     7    33
    9.560      240 00100011   0.0968  -0.0322  -0.0259   0.0069    48    79    27    36   12.8   16.4    8.6    8.8    79    87    22    21
    9.600      241 00100011  -0.0215   0.0728   0.0012  -0.0225    49    78    21    30   13.0   16.3    6.4    7.3    73    88    46     9
    9.640      242 00100011  -0.0954  -0.1176   0.0217   0.0280    42    75    23    35   11.6   15.9    7.2    8.6    58    90    34     5
    9.680      243 00100011  -0.0023  -0.1640  -0.0030   0.0419    44    72    27    37   12.0   15.6    8.6    9.1    57    89    41    18
    9.720      244 00100011   0.0229   0.0258  -0.0184  -0.0100    34    62    23    33    9.8   14.3    7.2    8.1    44    83    41    36
    9.760      245 00100011  -0.2006   0.0044   0.0466  -0.0022    34    57    31    37    9.8   13.5    9.8    9.1    13    91    40    30
    9.800      246 00100011  -0.0219  -0.0221   0.0007   0.0037    30    50    28    31    8.7   12.4    8.9    7.5    47    84    54    49
    9.840      247 00100011   0.0261   0.0161  -0.0015  -0.0046    38    49    29    33   10.8   12.2    9.2    8.1    60    73    74    48
    9.880      248 00100011   0.0535   0.0145  -0.0114  -0.0075    29    43    26    39    8.4   11.1    8.3    9.5    27    40    12    16
    9.920      249 00100011   0.0255   0.0203  -0.0147  -0.0067    30    39    30    41    8.7   10.2    9.5   10.0    33    64    26    43
    9.960      250 00100011  -0.0268   0.0173   0.0009  -0.0066    34    41    30    29    9.8   10.7    9.5    7.0    45    38    16    42
   10.000      251 00100011  -0.0129  -0.0015  -0.0073  -0.0043    29    37    31    34    8.4    9.8    9.8    8.4    39    64    44    57
   10.040      252 00100011   0.0022  -0.0235  -0.0131   0.0016    33    34    31    37    9.5    9.0    9.8    9.1    31    52    47    44
   10.080      253 00100011   0.0053   0.0294  -0.0014  -0.0004    33    44    31    38    9.5   11.3    9.8    9.3    40    46    17    40
   10.120      254 00100011   0.0314   0.0096   0.0055   0.0068    29    36    25    37    8.4    9.5    8.0    9.1    17    22     4    42
   10.160      255 00100011  -0.0250  -0.0184  -0.0111   0.0150    40    38    30    44   11.2   10.0    9.5   10.6    22    33    42    22
   10.200      256 00100011   0.0606   0.0236   0.0145   0.0064    33    27    30    49    9.5    7.0    9.5   11.5    18    46    38    53
   10.240      257 00100011   0.2712  -0.0304  -0.0725  -0.0132    38    33    29    38   10.8    8.8    9.2    9.3    40    24    47    35
   10.280      258 00100011  -0.0017  -0.0168  -0.0005  -0.0191    36    32    26    36   10.3    8.5    8.3    8.8    38    24    24    45
   10.320      259 00100011  -0.0470  -0.0170   0.0085  -0.0076    38    33    26    44   10.8    8.8    8.3   10.6    47    25    39    42
   10.360      260 00100011  -0.2221  -0.0334   0.0451  -0.0193    33    31    22    40    9.5    8.2    6.8    9.8    39    24    40    44
   10.400      261 00100011  -0.2601   0.0359   0.0593  -0.0036    32    29    20    31    9.3    7.7    6.0    7.5    42    16    32    26
   10.440      262 00100011   0.0387   0.0481  -0.0080  -0.0040    37    33    27    35   10.5    8.8    8.6    8.6    34    23    24    42
   10.480      263 00100011  -0.1328   0.0390   0.0310  -0.0043    34    33    29    31    9.8    8.8    9.2    7.5    58    42    10    22
   10.520      264 00100011  -0.0016   0.0066  -0.0119  -0.0141    30    33    26    33    8.7    8.8    8.3    8.1    31    28    41    54
   10.560      265 00100011   0.0637  -0.0204  -0.0188   0.0013    32    37    23    37    9.3    9.8    7.2    9.1    51    55    32    33
   10.600      266 00100011  -0.1453   0.0050  -0.0015  -0.0014    34    43    23    36    9.8   11.1    7.2    8.8    18    58    25    20
   10.640      267 00100011  -0.1140   0.0131   0.0150  -0.0026    40    37    23    33   11.2    9.8    7.2    8.1    46    19    10    35
   10.680      268 00100011  -0.0114  -0.0030  -0.0114  -0.0032    34    34    29    45    9.8    9.0    9.2   10.8    35    48    27    59
   10.720      269 00100011   0.0786   0.0070  -0.0201  -0.0078    37    36    26    39   10.5    9.5    8.3    9.5    53    48    35    26
   10.760      270 00100011   0.2380   0.0039  -0.0746   0.0016    29    37    27    39    8.4    9.8    8.6    9.5    25    49    31    57
   10.800      271 00100011   0.0931  -0.0094  -0.0257  -0.0140    37    38    27    37   10.5   10.0    8.6    9.1    30    47    29    49
   10.840      272 00100011  -0.1420  -0.0016   0.0272  -0.0004    32    42    25    44    9.3   10.9    8.0   10.6    41    66    15    58
   10.880      273 00100011  -0.1377   0.0345   0.0292   0.0030    34    34    27    43    9.8    9.0    8.6   10.4    25    27     5    55
   10.920      274 00100011   0.0712  -0.0079   0.0152  -0.0017    33    36    23    44    9.5    9.5    7.2   10.6     3    26    10    70
   10.960      275 00100011   0.0087   0.0183  -0.0099   0.0035    30    37    27    42    8.7    9.8    8.6   10.2    40    15    19    55
   11.000      276 00100011   0.0504   0.0218  -0.0129  -0.0006    35    35    25    49   10.1    9.3    8.0   11.5    44    12    41    76
   11.040      277 00100011  -0.2141  -0.0115   0.0378  -0.0043    30    32    22    41    8.7    8.5    6.8   10.0    17    28    38    39
   11.080      278 00100011  -0.0075  -0.0212   0.0345   0.0054    30    33    24    35    8.7    8.8    7.6    8.6    15    64    15    40
   11.120      279 00100011   0.0331   0.0092  -0.0188   0.0029    32    31    27    45    9.3    8.2    8.6   10.8    47    38    27    38
   11.160      280 00100011  -0.1535  -0.0017   0.0455  -0.0104    38    35    24    42   10.8    9.3    7.6   10.2    21    33    35    71
   11.200      281 00100011  -0.0781  -0.0988   0.0629  -0.0131    28    31    26    34    8.1    8.2    8.3    8.4    24    19    33    28
   11.240      282 00100011   0.1237   0.0262   0.0138  -0.0001    33    35    25    32    9.5    9.3    8.0    7.8    12    31    13    37
   11.280      283 00100011   0.0340   0.0511   0.0137   0.0077    31    33    25    27    9.0    8.8    8.0    6.3    21    32    10    54
   11.320      284 00100011   0.0288   0.0040  -0.0344   0.0071    33    33    24    44    9.5    8.8    7.6   10.6    32    21    17    46
   11.360      285 00100011  -0.1058  -0.0166   0.0278  -0.0138    37    38    23    36   10.5   10.0    7.2    8.8    35    25    42    73
   11.400      286 00100011  -0.0140   0.0177   0.0015  -0.0079    36    33    22    44   10.3    8.8    6.8   10.6    54    12    10    66
   11.440      287 00100011  -0.0313   0.0213  -0.0007   0.0051    31    28    26    47    9.0    7.4    8.3   11.2    34    30    46    43
   11.480      288 00100011  -0.1671  -0.0080   0.0474  -0.0184    38    34    27    39   10.8    9.0    8.6    9.5    60    10    44    47
   11.520      289 00100011   0.0498   0.0037  -0.0071  -0.0105    39    35    26    37   11.0    9.3    8.3    9.1    58    36    27    56
   11.560      290 00100011  -0.0044   0.0491   0.0001   0.0001    35    33    27    40   10.1    8.8    8.6    9.8    50     9    59    73
   11.600      291 00100011   0.0085   0.0112  -0.0009  -0.0080    45    33    37    25   12.2    8.8   11.4    5.7    63    49    71    67
   11.640      292 00100011  -0.0031   0.0220   0.0026  -0.0029    37    32    34    37   10.5    8.5   10.6    9.1    53    56    64    62
   11.680      293 00100011  -0.0025   0.0080  -0.0033   0.0038    37    36    39    45   10.5    9.5   11.8   10.8    47    21    67    43
   11.720      294 00100011   0.0122  -0.0093  -0.0040   0.0034    35    35    44    31   10.1    9.3   12.9    7.5    48    22    79    56
   11.760      295 00100011  -0.0397   0.0385  -0.0177   0.0085    33    34    43    35    9.5    9.0   12.7    8.6     5    19    84    53
   11.800      296 00100011  -0.0405   0.0398  -0.0147   0.0119    33    30    50    34    9.5    8.0   14.0    8.4    34    20    80    27
   11.840      297 00100011   0.1270  -0.0366   0.0267  -0.0255    31    30    47    39    9.0    8.0   13.4    9.5     7    26    89    36
   11.880      298 00100011  -0.0533  -0.0277  -0.0208  -0.0154    39    35    56    45   11.0    9.3   15.0   10.8    21    17    87    40
   11.920      299 00100011   0.0129   0.0066  -0.0024  -0.0038    34    29    57    52    9.8    7.7   15.1   12.0    46    26    88    58
   11.960      300 00100011  -0.0164   0.0481  -0.0105   0.0048    32    30    56    51    9.3    8.0   15.0   11.9    38    17    87    69
   12.000      301 00100011   0.0149   0.0355  -0.0054  -0.0010    33    34    56    46    9.5    9.0   15.0   11.0    44    36    90    52
   12.040      302 00100011   0.0185   0.0367  -0.0001   0.0075    36    33    57    47   10.3    8.8   15.1   11.2    38    15    89    68
   12.080      303 00100011  -0.0076   0.0139  -0.0057   0.0021    38    31    63    49   10.8    8.2   16.0   11.5    30    40    93    82
   12.120      304 00100011   0.0038  -0.0040  -0.0047  -0.0028    31    37    63    43    9.0    9.8   16.0   10.4    37    51    85    56
   12.160      305 00100011   0.0028   0.0102  -0.0017  -0.0072    41    38    64    36   11.4   10.0   16.1    8.8    58    31    89    39
   12.200      306 00100011   0.0116  -0.0210  -0.0040  -0.0035    35    38    55    42   10.1   10.0   14.8   10.2    41    60    87    49
   12.240      307 00100011   0.0010   0.0218  -0.0026   0.0003    38    35    59    38   10.8    9.3   15.4    9.3    62    62    92    60
   12.280      308 00100011  -0.0098  -0.0059  -0.0045  -0.0025    36    39    55    34   10.3   10.2   14.8    8.4    51    44    83    26
   12.320      309 00100011   0.0116   0.0139  -0.0040  -0.0062    37    34    50    30   10.5    9.0   14.0    7.3    40    55    81    55
   12.360      310 00100011   0.0016   0.0248  -0.0041  -0.0051    37    38    44    41   10.5   10.0   12.9   10.0    50    49    77    64
   12.400      311 00100011  -0.0129   0.0163  -0.0093  -0.0116    34    38    45    38    9.8   10.0   13.1    9.3    58    39    81    71
   12.440      312 00100011   0.0051   0.0106  -0.0020  -0.0070    32    31    44    42    9.3    8.2   12.9   10.2    42    14    80    70
   12.480      313 00100011   0.0036  -0.0005  -0.0037  -0.0049    40    36    43    46   11.2    9.5   12.7   11.0    51    33    63    53
   12.520      314 00100011   0.0020  -0.0158  -0.0024  -0.0033    36    31    34    40   10.3    8.2   10.6    9.8    62    42    71    59
   12.560      315 00100011  -0.0224   0.0058   0.0060  -0.0043    42    33    30    37   11.6    8.8    9.5    9.1    45    44    14    56
   12.600      316 00100011  -0.0013  -0.2858  -0.0008   0.0654    35    31    28    30   10.1    8.2    8.9    7.3    43    14    47    25
   12.640      317 00100011   0.0022  -0.0526  -0.0016  -0.0489    36    32    36    39   10.3    8.5   11.1    9.5    32     2    55    17
   12.680      318 00100011  -0.0286  -0.1199  -0.0080  -0.0327    35    27    36    37   10.1    7.0   11.1    9.1    14     9    38    56
   12.720      319 00100011  -0.0654  -0.2255  -0.0186  -0.0399    31    32    30    32    9.0    8.5    9.5    7.8    28    13    42    20
   12.760      320 00100011   0.0706  -0.0484   0.0185  -0.0076    33    30    31    32    9.5    8.0    9.8    7.8    15    20    55    48
   12.800      321 00100011   0.0255  -0.0069   0.0056  -0.0035    34    31    34    35    9.8    8.2   10.6    8.6    38    64    52    58
   12.840      322 00100011   0.0430   0.0183   0.0156   0.0054    33    28    36    34    9.5    7.4   11.1    8.4    27    41    53    55
   12.880      323 00100011  -0.0011   0.0410   0.0095   0.0062    38    37    25    43   10.8    9.8    8.0   10.4    26    30    41    50
   12.920      324 00100011  -0.0274  -0.0140   0.0012   0.0040    29    30    24    36    8.4    8.0    7.6    8.8    33    50    32    34
   12.960      325 00100011   0.1119   0.2483  -0.0205  -0.0530    32    34    25    29    9.3    9.0    8.0    7.0    22     6    10    40
   13.000      326 00100011  -0.0113  -0.1225   0.0022  -0.0687    31    29    26    33    9.0    7.7    8.3    8.1    23    27    13    26
   13.040      327 00100011   0.2933  -0.1495  -0.0610  -0.0513    30    30    24    29    8.7    8.0    7.6    7.0    12    24    40    11
   13.080      328 00100011   0.0859  -0.0081  -0.0103   0.0021    31    30    24    32    9.0    8.0    7.6    7.8    26    11     7    51
   13.120      329 00100011  -0.0101  -0.0065   0.0088   0.0144    32    33    23    30    9.3    8.8    7.2    7.3    37    39    35    28
   13.160      330 00100011   0.0390  -0.0212   0.0141   0.0204    27    32    24    39    7.8    8.5    7.6    9.5    43    26    14    50
   13.200      331 00100011  -0.0013  -0.0087  -0.0072   0.0078    29    33    24    38    8.4    8.8    7.6    9.3     6    43    28    47
   13.240      332 00100011  -0.0538  -0.0057   0.0292   0.0215    30    38    28    33    8.7   10.0    8.9    8.1    37    24    37    24
   13.280      333 00100011  -0.0201   0.0049   0.0243   0.0284    32    33    25    32    9.3    8.8    8.0    7.8    30    36    19    28
   13.320      334 00100011  -0.1300   0.0077   0.0329   0.0217    35    36    24    32   10.1    9.5    7.6    7.8     9    24    14    26
   13.360      335 00100011   0.0540   0.0284   0.0500  -0.0009    29    37    24    38    8.4    9.8    7.6    9.3    28    32    46    20
   13.400      336 00100011  -0.0248   0.0070   0.0171  -0.0005    26    30    33    44    7.5    8.0   10.4   10.6    19    31    27    44
   13.440      337 00100011   0.0463  -0.0595  -0.0254  -0.0135    29    31    27    47    8.4    8.2    8.6   11.2    36    23     9    54
   13.480      338 00100011   0.0171  -0.0113  -0.0093  -0.0036    31    29    27    36    9.0    7.7    8.6    8.8    21     4    37    17
   13.520      339 00100011   0.0177   0.0424   0.0107   0.0197    31    30    25    36    9.0    8.0    8.0    8.8    47     2    41    43
   13.560      340 00100011   0.0251   0.0274  -0.0059   0.0011    31    32    25    30    9.0    8.5    8.0    7.3    35    40    46    47
   13.600      341 00100011   0.0338   0.0114   0.0102   0.0051    34    31    27    33    9.8    8.2    8.6    8.1    35    35    24    25
   13.640      342 00100011   0.0279  -0.0111   0.0163   0.0151    29    30    32    40    8.4    8.0   10.1    9.8    35    26    44    55
   13.680      343 00100011   0.0408  -0.0018   0.0202   0.0196    32    42    53    49    9.3   10.9   14.5   11.5    27    55    78    69
   13.720      344 00100011   0.0318   0.0036   0.0240   0.0205    45    50    65    54   12.2   12.4   16.3   12.4    67    52    91    63
   13.760      345 00100011   0.0222  -0.0154   0.0241   0.0227    53    39    48    36   13.7   10.2   13.6    8.8    80    37    86    27
   13.800      346 00100011   0.0414   0.2406   0.0188   0.0738    38    25    31    44   10.8    6.4    9.8   10.6    66    28    14    51
   13.840      347 00100011   0.0434  -0.0425   0.0156   0.0131    39    30    28    40   11.0    8.0    8.9    9.8    41    36    38    34
   13.880      348 00100011   0.0159  -0.0711   0.0129  -0.0016    30    30    25    37    8.7    8.0    8.0    9.1    23    11    63    67
   13.920      349 00100011  -0.2605  -0.0103  -0.0485   0.0099    33    31    26    34    9.5    8.2    8.3    8.4    19    37    24    56
   13.960      350 00100011  -0.0300  -0.0020  -0.0048   0.0158    26    26    22    37    7.5    6.7    6.8    9.1    29    40    46    44
   14.000      351 00100011  -0.0222   0.0042   0.0161   0.0083    31    29    30    34    9.0    7.7    9.5    8.4    52    42    35    40
   14.040      352 00100011  -0.0166   0.0173   0.0087   0.0056    33    41    25    35    9.5   10.7    8.0    8.6    35    60    57    35
   14.080      353 00100011   0.0422   0.0110   0.0054   0.0021    38    37    25    33   10.8    9.8    8.0    8.1    51    44    49    57
   14.120      354 00100011   0.0124   0.0185   0.0077  -0.0037    31    43    31    33    9.0   11.1    9.8    8.1    29    77    55    40
   14.160      355 00100011  -0.0268  -0.0513   0.0381   0.0200    42    39    28    35   11.6   10.2    8.9    8.6    70    54    17    27
   14.200      356 00100011   0.0684  -0.0239   0.0027   0.0081    32    34    38    44    9.3    9.0   11.6   10.6    48    44    71    68
   14.240      357 00100011   0.0827   0.0006   0.0088   0.0103    33    47    47    64    9.5   11.9   13.4   13.8    52    75    80    84
   14.280      358 00100011   0.0857   0.0073   0.0121   0.0121    43    44    33    39   11.8   11.3   10.4    9.5    68    74    54    46
   14.320      359 00100011   0.0630  -0.0051   0.0176  -0.0012    30    32    25    40    8.7    8.5    8.0    9.8    28    57    27    30
   14.360      360 00100011   0.0957  -0.0283   0.0199   0.0195    32    27    72    68    9.3    7.0   17.1   14.4    42    21    94    88
   14.400      361 00100011   0.0616  -0.0105   0.0063   0.0284    28    29    25    46    8.1    7.7    8.0   11.0     8    46    39    55
   14.440      362 00100011  -0.0214  -0.0438  -0.0175   0.0194    29    31    31    39    8.4    8.2    9.8    9.5    25    33    44    41
   14.480      363 00100011   0.0829  -0.0360   0.0230   0.0226    59    84    38    69   14.6   16.9   11.6   14.5    90    88    71    72
   14.520      364 00100011   0.0604   0.0211   0.0203   0.0262    56    35    34    44   14.1    9.3   10.6   10.6    81    17    32    42
   14.560      365 00100011   0.0690  -0.0638   0.0063   0.0045    38    44    55    47   10.8   11.3   14.8   11.2    56    58    88    59
   14.600      366 00100011   0.0749  -0.0542   0.0000   0.0014    41    36    85    91   11.4    9.5   18.6   16.9    69    14    93    88
   14.640      367 00100011   0.0582  -0.0415  -0.0071  -0.0020    37    37    35    68   10.5    9.8   10.9   14.4    34    31    46    77
   14.680      368 00100011   0.0907   0.0116  -0.0128  -0.0027    29    33    30    43    8.4    8.8    9.5   10.4     3     3    38    31
   14.720      369 00100011  -0.0106  -0.0841  -0.0520  -0.0381    31    28    26    35    9.0    7.4    8.3    8.6    31     8    30    38
   14.760      370 00100011   0.1081  -0.0571  -0.0148  -0.0044    31    31    27    33    9.0    8.2    8.6    8.1    16    33    15    10
   14.800      371 00100011  -0.0089   0.0903  -0.0639  -0.0712    25    31    26    34    7.1    8.2    8.3    8.4    28    14     3     4
   14.840      372 00100011   0.2015  -0.0881  -0.0306   0.0026    33    37    23    40    9.5    9.8    7.2    9.8    25    37    21    52
   14.880      373 00100011   0.0089  -0.0974   0.0088  -0.0124    31    30    27    36    9.0    8.0    8.6    8.8    36     4    34    47
   14.920      374 00100011   0.2209  -0.1163   0.0017  -0.0004    32    32    24    56    9.3    8.5    7.6   12.7    24    10    30    65
   14.960      375 00100011   0.1537  -0.1695  -0.0002   0.0393    30    34    27    42    8.7    9.0    8.6   10.2    11    36    24    32
   15.000      376 00100011   0.0454   0.0087   0.0377   0.0164    39    36    29    32   11.0    9.5    9.2    7.8    11    33    30    17
   15.040      377 00100011   0.0152   0.0198   0.0424   0.0410    39    42    40    39   11.0   10.9   12.0    9.5    38    27    63    19
   15.080      378 00100011   0.0982   0.0711   0.0744   0.0807    32    37    50    47    9.3    9.8   14.0   11.2    39    54    78    47
   15.120      379 00100011   0.0115  -0.0624   0.0648   0.0717    50    44    27    40   13.2   11.3    8.6    9.8    82    68    13    34
   15.160      380 00100011  -0.0143  -0.0694   0.0819   0.1004    38    34    35    40   10.8    9.0   10.9    9.8    30    56    40    27
   15.200      381 00100011   0.2983   0.0972   0.0237   0.0777    27    33    26    33    7.8    8.8    8.3    8.1    33    27    28    14
   15.240      382 00100011  -0.3946   0.0964  -0.0483   0.0668    33    31    30    33    9.5    8.2    9.5    8.1     5    56    35    29
   15.280      383 00100011  -0.0181   0.0152   0.0509   0.0478    34    43    33    37    9.8   11.1   10.4    9.1    28    47    40    37
   15.320      384 00100011   0.1966   0.1651   0.0117  -0.0149    29    37    25    37    8.4    9.8    8.0    9.1    27    37    24    16
   15.360      385 00100011   0.1390   0.1460  -0.0169   0.0068    35    38    28    32   10.1   10.0    8.9    7.8    11    40     7    12
   15.400      386 00100011   0.1490   0.2537   0.0159   0.0503    31    33    23    32    9.0    8.8    7.2    7.8    19    11    17    20
   15.440      387 00100011   0.0883   0.0648   0.0202   0.0038    37    32    27    46   10.5    8.5    8.6   11.0    10    19    46    35
   15.480      388 00100011   0.0592   0.0010   0.0226   0.0269    32    33    29    38    9.3    8.8    9.2    9.3    19    40    62    35
   15.520      389 00100011  -0.0575  -0.0002   0.0428   0.0271    30    35    26    28    8.7    9.3    8.3    6.7    35    28     8    18
   15.560      390 00100011   0.0384   0.0640   0.0498   0.0307    31    40    27    31    9.0   10.5    8.6    7.5    10    48    16     6
   15.600      391 00100011   0.2659  -0.0107  -0.0175   0.0406    35    45    24    41   10.1   11.5    7.6   10.0    29    45    19    62
   15.640      392 00100011   0.1781   0.2675  -0.0500  -0.0385    30    31    25    33    8.7    8.2    8.0    8.1    18    36    34    14
   15.680      393 00100011  -0.0181  -0.0555   0.0428  -0.0840    30    26    26    26    8.7    6.7    8.3    6.0    16    37    22    16
   15.720      394 00100011  -0.0992   0.0268   0.0062   0.0025    35    36    29    36   10.1    9.5    9.2    8.8     5    14     8    58
   15.760      395 00100011  -0.2264   0.0218  -0.0639  -0.0469    37    36    27    41   10.5    9.5    8.6   10.0    12    26     5    62
   15.800      396 00100011  -0.1695   0.0905  -0.0811  -0.0143    35    31    28    30   10.1    8.2    8.9    7.3    39     7    40    28
   15.840      397 00100011  -0.5135   0.1005   0.0084  -0.0741    30    32    23    33    8.7    8.5    7.2    8.1    16     7    20    11
   15.880      398 00100011  -0.3176   0.0060  -0.0333  -0.0289    36    38    23    33   10.3   10.0    7.2    8.1    15     1    53    20
   15.920      399 00100011  -0.0109  -0.2170  -0.1115  -0.0523    30    35    32    35    8.7    9.3   10.1    8.6    40    12    31    14
   15.960      400 00100011  -0.0590   0.1566  -0.0879  -0.0537    29    33    28    33    8.4    8.8    8.9    8.1    35    23    15    33
   16.000      401 00100011   0.0638  -0.1566  -0.0084  -0.0236    30    36    30    32    8.7    9.5    9.5    7.8    27    14    15     4
   16.040      402 00100011  -0.2927   0.1731  -0.0153   0.0649    26    32    19    28    7.5    8.5    5.6    6.7     5    19    18    11
   16.080      403 00100011   0.1242   0.0369  -0.0601   0.0366    32    44    26    31    9.3   11.3    8.3    7.5    11    22    42    12
   16.120      404 00100011  -0.0080   0.0725  -0.0017   0.0466    28    33    25    32    8.1    8.8    8.0    7.8    15    23     9    12
   16.160      405 00100011  -0.2127  -0.2299  -0.1153   0.0240    68    81    33    48   15.8   16.6   10.4   11.3    23    50    35    38
   16.200      406 00100011  -0.0174  -0.1834   0.0116   0.0256    49    73    33    49   13.0   15.7   10.4   11.5    25    36    30    49
   16.240      407 00100011  -0.3617  -0.1272  -0.0182   0.0706    32    31    36    61    9.3    8.2   11.1   13.4    16    31     3    18
   16.280      408 00100011   0.0953  -0.1673  -0.1114   0.1085    38    32    28    51   10.8    8.5    8.9   11.9    22    19     7    13
   16.320      409 00100011  -0.2526  -0.0107  -0.0444   0.0329    31    33    26    40    9.0    8.8    8.3    9.8    33    27    18    16
   16.360      410 00100011   0.1534  -0.1578  -0.0307   0.1130    31    36    40    59    9.0    9.5   12.0   13.1    19    18    64    13
   16.400      411 00100011  -0.0708  -0.0601  -0.0484  -0.0703    28    35    31    47    8.1    9.3    9.8   11.2    26    42    44    49
   16.440      412 00100011  -0.2941  -0.1827  -0.0345  -0.0253    50    63    39    68   13.2   14.4   11.8   14.4    45    38    57    62
   16.480      413 00100011  -0.5176   0.0827   0.0122   0.0540    40    34    40    55   11.2    9.0   12.0   12.5     8     8    54    44
   16.520      414 00100011   0.0282  -0.1305   0.0410  -0.1297    41    36    32    53   11.4    9.5   10.1   12.2    20    24    20    22
   16.560      415 00100011   0.1468  -0.0278  -0.0176   0.0962    53    53    60    54   13.7   12.9   15.6   12.4    48    70    80    33
   16.600      416 00100011   0.0583  -0.0113   0.0390  -0.1177    33    53    41    35    9.5   12.9   12.3    8.6    28    47    59    38
   16.640      417 00100011   0.0233  -0.1039  -0.0435   0.1091    36    36    27    40   10.3    9.5    8.6    9.8    37     9    33    25
   16.680      418 00100011   0.0499   0.3727  -0.0388  -0.0347    34    38    34    39    9.8   10.0   10.6    9.5    41    70    49    41
   16.720      419 00100011  -0.0201  -0.4275   0.0337   0.0006    58    78    41    58   14.4   16.3   12.3   13.0    12     8    59    37
   16.760      420 00100011  -0.0963  -0.0733   0.0435  -0.0357    36    39    26    34   10.3   10.2    8.3    8.4    25    41    23    11
   16.800      421 00100011  -0.3521   0.0376  -0.0151  -0.0524    50    46    30    45   13.2   11.7    9.5   10.8    38    30    24    17
   16.840      422 00100011   0.1844  -0.0300  -0.0258  -0.0732    38    39    36    44   10.8   10.2   11.1   10.6    21    27    20    23
   16.880      423 00100011  -0.1097  -0.2500  -0.0005   0.0646    44    33    39    55   12.0    8.8   11.8   12.5    14    13    54    22
   16.920      424 00100011  -0.2897  -0.0101  -0.0109   0.0257    31    32    26    33    9.0    8.5    8.3    8.1    32    10    22    45
   16.960      425 00100011  -0.2228   0.3574  -0.0388   0.0031    43    37    42    49   11.8    9.8   12.5   11.5    28    19    32    63
   17.000      426 00100011  -0.0264  -0.1072   0.0296  -0.0797    36    38    28    35   10.3   10.0    8.9    8.6    19    51    34    34
   17.040      427 00100011   0.1045  -0.5122   0.0187   0.0054    32    36    26    43    9.3    9.5    8.3   10.4     9    32    21    50
   17.080      428 00100011   0.1121   0.2935  -0.0272   0.0698    54    49    36    49   13.8   12.2   11.1   11.5    19     4    32    16
   17.120      429 00100011   0.1312   0.3799   0.0255  -0.0031    38    31    28    45   10.8    8.2    8.9   10.8    22    16    40    24
   17.160      430 00100011   0.2533  -0.0081   0.0154  -0.1463    31    39    31    35    9.0   10.2    9.8    8.6    21    15    27    14
   17.200      431 00100011   0.2308   0.0101  -0.0101  -0.0803    29    42    24    32    8.4   10.9    7.6    7.8    10    50    34    36
   17.240      432 00100011  -0.2794  -0.0238   0.0144   0.0862    30    29    24    29    8.7    7.7    7.6    7.0    29    49    24    37
   17.280      433 00100011  -0.0006  -0.1508   0.0678   0.0363    36    46    34    42   10.3   11.7   10.6   10.2    42    19    45    37
   17.320      434 00100011   0.0753  -0.0953  -0.0853   0.0731    36    34    27    44   10.3    9.0    8.6   10.6     3    14    26    19
   17.360      435 00100011   0.2386   0.0550  -0.0460  -0.0278    71    79    59    58   16.2   16.4   15.4   13.0    37    64    27    73
   17.400      436 00100011   0.1048  -0.0082   0.0572   0.0890    35    39    30    40   10.1   10.2    9.5    9.8    18    33    26    38
   17.440      437 00100011  -0.2213  -0.3750   0.0254  -0.0067    26    31    22    38    7.5    8.2    6.8    9.3    27     3     4    37
   17.480      438 00100011   0.1860   0.0808  -0.0036   0.0818    60    54    36    52   14.7   13.1   11.1   12.0    39    49    44    68
   17.520      439 00100011  -0.0367   0.0939  -0.0391   0.0363    40    46    46    39   11.2   11.7   13.3    9.5    29    41    31     9
   17.560      440 00100011  -0.0651  -0.0058   0.0768  -0.0777    54    43    47    46   13.8   11.1   13.4   11.0    16    32    20    15
   17.600      441 00100011  -0.1188   0.0838   0.0713  -0.1337    52    40    29    42   13.5   10.5    9.2   10.2    23    23    36    25
   17.640      442 00100011  -0.2035  -0.3044  -0.1170  -0.0036    32    35    29    32    9.3    9.3    9.2    7.8     9    19    12    21
   17.680      443 00100011   0.1006   0.0521   0.0741   0.0463    32    31    29    32    9.3    8.2    9.2    7.8    19    16    18    24
   17.720      444 00100011  -0.4481  -0.2213   0.0138  -0.0612    31    34    30    35    9.0    9.0    9.5    8.6    28    27    23    14
   17.760      445 00100011   0.0147  -0.0411   0.1071  -0.0260    56    54    61    73   14.1   13.1   15.7   15.0    23    39    39    32
   17.800      446 00100011   0.2477   0.3710   0.1052   0.0337    36    33    29    54   10.3    8.8    9.2   12.4    10    14    12    30
   17.840      447 00100011  -0.2147   0.3585   0.0344   0.0087    37    43    28    38   10.5   11.1    8.9    9.3    11    25    18    26
   17.880      448 00100011  -0.0313   0.0624  -0.0560   0.0794    33    30    28    41    9.5    8.0    8.9   10.0    20     9     5    28
   17.920      449 00100011  -0.0493   0.0708  -0.0060   0.0125    32    32    25    32    9.3    8.5    8.0    7.8    16     6    18    29
   17.960      450 00100011  -0.4071  -0.1277   0.0290   0.0365    34    36    21    35    9.8    9.5    6.4    8.6    24    19    34    18
   18.000      451 00100011   0.1673  -0.1200  -0.1069  -0.0066    58    51    50    48   14.4   12.6   14.0   11.3    25    43    41    34
   18.040      452 00100011  -0.2113  -0.1459   0.0054  -0.0241    32    37    28    44    9.3    9.8    8.9   10.6    19    15    19    22
   18.080      453 00100011   0.0474  -0.1477   0.0394  -0.0165    29    39    27    34    8.4   10.2    8.6    8.4    16    37     4    22
   18.120      454 00100011   0.2595  -0.0806   0.0030  -0.0364    39    43    27    40   11.0   11.1    8.6    9.8    34    34    11    30
   18.160      455 00100011  -0.0068  -0.1069   0.0194  -0.0579    33    28    28    41    9.5    7.4    8.9   10.0    29    20     8    19
   18.200      456 00100011   0.0208  -0.0878   0.0669  -0.0772    33    35    36    39    9.5    9.3   11.1    9.5    23    32    33    37
   18.240      457 00100011   0.1343  -0.0648   0.0551  -0.0858    32    36    30    36    9.3    9.5    9.5    8.8    16    56    26    15
   18.280      458 00100011   0.4490  -0.0839   0.0299   0.0155    39    40    31    36   11.0   10.5    9.8    8.8    20    49    56    42
   18.320      459 00100011   0.0937   0.0727  -0.0341  -0.0886    58    55    60    73   14.4   13.2   15.6   15.0    52    49    10    58
   18.360      460 00100011   0.0284  -0.2571  -0.0624   0.0675    64    81    71    67   15.3   16.6   17.0   14.2    24    27    70    10
   18.400      461 00100011   0.0310  -0.2109  -0.0898   0.0049    39    44    35    45   11.0   11.3   10.9   10.8    18    42    16    12
   18.440      462 00100011  -0.0145   0.0613   0.0882  -0.0266    52    77    40    53   13.5   16.1   12.0   12.2    63    51    79    50
   18.480      463 00100011   0.2565  -0.0372  -0.0015   0.1504    40    46    38    48   11.2   11.7   11.6   11.3    21    32    18    41
   18.520      464 00100011  -0.3519  -0.1725  -0.0484   0.0234    35    44    32    33   10.1   11.3   10.1    8.1    18    35    19    12
   18.560      465 00100011  -0.3491  -0.1583   0.0154   0.0387    31    33    23    39    9.0    8.8    7.2    9.5    11    35    36    28
   18.600      466 00100011   0.3841  -0.2009   0.0473   0.0881    34    40    27    33    9.8   10.5    8.6    8.1    20    27    10    17
   18.640      467 00100011  -0.0043  -0.1951   0.0078   0.0872    33    36    26    36    9.5    9.5    8.3    8.8    26    27    16    25
   18.680      468 00100011  -0.1419   0.0562  -0.0337   0.0470    34    32    32    41    9.8    8.5   10.1   10.0    40    25    31    26
   18.720      469 00100011  -0.2181  -0.0381   0.0020   0.0682    34    36    30    34    9.8    9.5    9.5    8.4    22    36    51    24
   18.760      470 00100011  -0.2498   0.0202  -0.0004   0.0677    34    37    24    40    9.8    9.8    7.6    9.8    10    42    46    32
   18.800      471 00100011   0.4506   0.0863  -0.0061   0.0551    44    48    42    50   12.0   12.0   12.5   11.7    25    27    17    17
   18.840      472 00100011   0.0564  -0.0973  -0.0608   0.0434    39    41    33    47   11.0   10.7   10.4   11.2    33    22    47    19
   18.880      473 00100011   0.1732   0.0730   0.0625  -0.0290    33    33    27    48    9.5    8.8    8.6   11.3    42    18    22    46
   18.920      474 00100011  -0.0547   0.4997   0.0881   0.0108    35    47    29    36   10.1   11.9    9.2    8.8    20    15    39    27
   18.960      475 00100011   0.2106   0.4840   0.0453  -0.0358    38    34    29    33   10.8    9.0    9.2    8.1    20    21     1    33
   19.000      476 00100011  -0.2690  -0.0599   0.0054   0.0852    40    34    31    49   11.2    9.0    9.8   11.5     5    24    40    66
   19.040      477 00100011  -0.5444  -0.1622  -0.0273   0.0508    29    35    24    36    8.4    9.3    7.6    8.8    36    24    42    13
   19.080      478 00100011  -0.0510  -0.1628  -0.0535   0.0727    48    59    33    40   12.8   13.8   10.4    9.8    42    43     6    41
   19.120      479 00100011  -0.1023  -0.0521  -0.0734   0.0321    38    39    35    38   10.8   10.2   10.9    9.3    47    34    41    10
   19.160      480 00100011   0.3109  -0.0113   0.0189   0.0233    35    40    48    51   10.1   10.5   13.6   11.9     4    37    85    60
   19.200      481 00100011  -0.2060  -0.0381  -0.0630   0.0562    60    57    44    55   14.7   13.5   12.9   12.5    59    54    54    52
   19.240      482 00100011   0.2801  -0.2977   0.0577   0.0752    49    35    34    55   13.0    9.3   10.6   12.5    42    13    26    45
   19.280      483 00100011   0.0980  -0.1171  -0.0383  -0.0317    31    30    28    43    9.0    8.0    8.9   10.4    33    23    29    20
   19.320      484 00100011  -0.3093   0.0122   0.0111   0.0132    49    50    42    43   13.0   12.4   12.5   10.4    36    17    47    18
   19.360      485 00100011   0.2050   0.0417   0.0090   0.1302    36    34    29    47   10.3    9.0    9.2   11.2    12    43    31    44
   19.400      486 00100011   0.5831  -0.0816  -0.0307   0.0199    37    46    35    45   10.5   11.7   10.9   10.8    35    52    28    29
   19.440      487 00100011   0.0249  -0.1169  -0.1256   0.0910    35    31    23    43   10.1    8.2    7.2   10.4     3    26    28    32
   19.480      488 00100011   0.0289   0.3368  -0.0226  -0.0219    53    55    46    54   13.7   13.2   13.3   12.4    59    28    69    47
   19.520      489 00100011   0.1180  -0.4650  -0.1218   0.0331    35    34    29    38   10.1    9.0    9.2    9.3    21     7    15    36
   19.560      490 00100011  -0.0416  -0.3312  -0.0904   0.0863    34    45    31    36    9.8   11.5    9.8    8.8    24    31    33     6
   19.600      491 00100011  -0.0864  -0.0878  -0.0441   0.0768    49    59    45    46   13.0   13.8   13.1   11.0    60    67    86    40
   19.640      492 00100011  -0.2329  -0.0379   0.0072  -0.0936    38    35    26    38   10.8    9.3    8.3    9.3    27    19    19    36
   19.680      493 00100011  -0.2345   0.3241   0.0065  -0.0292    34    36    30    36    9.8    9.5    9.5    8.8    12    17    21    23
   19.720      494 00100011   0.5506   0.1164  -0.0169   0.0462    39    43    30    38   11.0   11.1    9.5    9.3    23    25    26    30
   19.760      495 00100011   0.0483  -0.0400   0.0313  -0.0857    57    57    40    45   14.3   13.5   12.0   10.8    71    30    61    34
   19.800      496 00100011   0.3606  -0.2672   0.0225   0.0351    46    48    37    52   12.4   12.0   11.4   12.0    18    30    24    32
   19.840      497 00100011   0.4612   0.1184  -0.0424   0.0205    39    38    29    53   11.0   10.0    9.2   12.2    40    51     5    53
   19.880      498 00100011  -0.0604  -0.0578  -0.0830   0.0332    42    49    28    46   11.6   12.2    8.9   11.0    18    57    44    31
   19.920      499 00100011   0.1365  -0.1108   0.0496   0.1284    39    32    28    46   11.0    8.5    8.9   11.0     8    29    11    29
   19.960      500 00100011  -0.1692  -0.1267  -0.0978   0.0281    37    33    26    34   10.5    8.8    8.3    8.4    48    42    32    16
   20.000      501 00100011   0.5125  -0.1912   0.0033   0.0583    30    33    33    33    8.7    8.8   10.4    8.1    26    16    40    26
   20.040      502 00100011  -0.2218   0.0215  -0.0460   0.0867    46    55    47    56   12.4   13.2   13.4   12.7    45    62    71    58
   20.080      503 00100011   0.1422  -0.1806   0.0753   0.0478    40    42    34    46   11.2   10.9   10.6   11.0    15    15    23    39
   20.120      504 00100011   0.3622  -0.0472   0.0381   0.0164    39    37    25    46   11.0    9.8    8.0   11.0    11    46    20    35
   20.160      505 00100011   0.3569  -0.0713   0.0061   0.0129    40    49    50    46   11.2   12.2   14.0   11.0    47    52    61    69
   20.200      506 00100011  -0.1979   0.2981  -0.0319  -0.0318    39    31    33    42   11.0    8.2   10.4   10.2    15    12    36    39
   20.240      507 00100011   0.2546  -0.0661   0.0338   0.0444    45    37    51    66   12.2    9.8   14.2   14.1    48    42    56    45
   20.280      508 00100011  -0.2328   0.4371  -0.0243  -0.0130    39    36    33    52   11.0    9.5   10.4   12.0    30    12    44    52
   20.320      509 00100011   0.0454   0.0180  -0.1008  -0.0669    37    40    26    38   10.5   10.5    8.3    9.3    40    18    20     1
   20.360      510 00100011  -0.0136  -0.0174  -0.1325   0.0327    36    33    29    40   10.3    8.8    9.2    9.8    22    23    27    32
   20.400      511 00100011  -0.0873  -0.0768  -0.0818   0.0493    70    55    62    66   16.1   13.2   15.8   14.1    68    45    66    21
   20.440      512 00100011  -0.2608  -0.0163  -0.0293   0.0826    44    40    31    52   12.0   10.5    9.8   12.0    39    10    41    46
   20.480      513 00100011   0.2106  -0.1622   0.0613   0.0263    36    44    48    61   10.3   11.3   13.6   13.4    14    23    55    28
   20.520      514 00100011  -0.0474  -0.0868  -0.0418   0.0818    41    52    41    45   11.4   12.7   12.3   10.8    21    61    70    33
   20.560      515 00100011  -0.0555  -0.1553  -0.0571   0.0583    48    36    35    33   12.8    9.5   10.9    8.1    57    31    66    44
   20.600      516 00100011   0.0569   0.2669  -0.1000   0.0689    40    35    63    69   11.2    9.3   16.0   14.5    37    21    64    12
   20.640      517 00100011   0.0021  -0.3104  -0.1014   0.0833    40    47    33    45   11.2   11.9   10.4   10.8    10    23    26    51
   20.680      518 00100011   0.0798   0.4004   0.0091  -0.0037    42    40    29    38   11.6   10.5    9.2    9.3    27    23    27    26
   20.720      519 00100011  -0.1117  -0.0965  -0.0377   0.0927    44    38    50    55   12.0   10.0   14.0   12.5    74    50    60    53
   20.760      520 00100011  -0.0943   0.2066  -0.0573  -0.0225    39    45    27    45   11.0   11.5    8.6   10.8    41    29    11    64
   20.800      521 00100011  -0.0746   0.1377   0.0928  -0.0012    45    50    31    36   12.2   12.4    9.8    8.8    18     7    28    38
   20.840      522 00100011  -0.1733  -0.2433   0.0738  -0.0692    35    34    31    37   10.1    9.0    9.8    9.1    18    32    12    19
   20.880      523 00100011  -0.4493   0.2270   0.0207   0.0584    35    35    30    40   10.1    9.3    9.5    9.8    17    36    27    28
   20.920      524 00100011   0.3229  -0.1924   0.0539   0.0531    47    48    25    32   12.6   12.0    8.0    7.8    40    48    50    37
   20.960      525 00100011   0.1582  -0.1804   0.0991   0.0185    32    39    25    35    9.3   10.2    8.0    8.6    10    18    15    41
   21.000      526 00100011   0.0708   0.1901  -0.1485  -0.0586    33    33    28    31    9.5    8.8    8.9    7.5    24    47     5    12
   21.040      527 00100011   0.2845  -0.2379  -0.0622  -0.0285    40    39    26    36   11.2   10.2    8.3    8.8    48    18     3    25
   21.080      528 00100011   0.2532  -0.3196  -0.0340  -0.0371    47    54    34    46   12.6   13.1   10.6   11.0    30    40    42    33
   21.120      529 00100011  -0.1167  -0.0446   0.0295  -0.1014    39    40    35    40   11.0   10.5   10.9    9.8    37    42    46    27
   21.160      530 00100011  -0.1785   0.2720  -0.0242  -0.0199    52    40    44    61   13.5   10.5   12.9   13.4    23    15    38    39
   21.200      531 00100011   0.1454  -0.1112  -0.0045  -0.0683    47    47    31    46   12.6   11.9    9.8   11.0    49    45    47    60
   21.240      532 00100011  -0.0029   0.1928   0.0010  -0.0414    36    50    36    43   10.3   12.4   11.1   10.4     7    35     5    48
   21.280      533 00100011   0.3216   0.0099  -0.0430   0.0181    32    33    28    39    9.3    8.8    8.9    9.5    43    12    40    35
   21.320      534 00100011   0.0497   0.0812  -0.0968   0.0602    30    35    26    34    8.7    9.3    8.3    8.4    13     9    25    19
   21.360      535 00100011  -0.1543   0.1143  -0.1073   0.0407    49    52    39    51   13.0   12.7   11.8   11.9    11    23    58    46
   21.400      536 00100011   0.3824  -0.1259   0.0044   0.0120    47    42    37    48   12.6   10.9   11.4   11.3    30    15    54    14
   21.440      537 00100011   0.4937  -0.2725  -0.0063   0.0662    38    33    34    37   10.8    8.8   10.6    9.1    39    28    50    43
   21.480      538 00100011   0.0370  -0.0026  -0.0814   0.0156    48    54    42    51   12.8   13.1   12.5   11.9    56    27    47     6
   21.520      539 00100011  -0.4312  -0.0976   0.0002  -0.0077    54    69    38    46   13.8   15.2   11.6   11.0    54    68    55     9
   21.560      540 00100011  -0.2075   0.2648  -0.0097  -0.0008    33    31    30    38    9.5    8.2    9.5    9.3     8    25    32    32
   21.600      541 00100011   0.0934  -0.1780   0.0377   0.0434    43    42    30    47   11.8   10.9    9.5   11.2    29    29    16    49
   21.640      542 00100011   0.0078  -0.4016  -0.0500   0.0353    38    31    26    39   10.8    8.2    8.3    9.5    19    32    24    15
   21.680      543 00100011   0.3041  -0.2464   0.0508  -0.0816    69    59    39    39   15.9   13.8   11.8    9.5    12    45    24    24
   21.720      544 00100011   0.0732  -0.2943   0.0069   0.0590    31    31    36    45    9.0    8.2   11.1   10.8    14     8    38    41
   21.760      545 00100011   0.1639   0.1792   0.0126   0.0706    45    40    51    67   12.2   10.5   14.2   14.2    34    21    38    39
   21.800      546 00100011   0.1987  -0.5298  -0.0160  -0.0336    44    34    30    46   12.0    9.0    9.5   11.0    42    14    51    66
   21.840      547 00100011  -0.1418   0.0524  -0.1156   0.1041    38    34    35    39   10.8    9.0   10.9    9.5    37    21    17    15
   21.880      548 00100011   0.1566   0.3714   0.0105   0.0105    37    45    31    37   10.5   11.5    9.8    9.1    22    26    13    11
   21.920      549 00100011   0.1651   0.0186   0.0135   0.1105    44    72    25    35   12.0   15.6    8.0    8.6    63    68    26    30
   21.960      550 00100011   0.1655  -0.0610   0.0156  -0.1093    64    75    50    43   15.3   15.9   14.0   10.4    56    48    66    44
   22.000      551 00100011   0.1390  -0.2428   0.0173  -0.0162    40    36    33    37   11.2    9.5   10.4    9.1    22    27    40    48
   22.040      552 00100011  -0.1107  -0.1351   0.0704   0.0678    29    34    40    62    8.4    9.0   12.0   13.6    27    25    15    20
   22.080      553 00100011   0.1788  -0.0250  -0.0600   0.0492    35    34    33    49   10.1    9.0   10.4   11.5     7    29    24    40
   22.120      554 00100011  -0.1814  -0.0347   0.0324   0.0330    72    54    36    54   16.3   13.1   11.1   12.4    67    41    54    48
   22.160      555 00100011  -0.1902  -0.0483   0.0274   0.0321    75    77    76    89   16.7   16.1   17.6   16.7    80    76    89    42
   22.200      556 00100011  -0.2927   0.1746  -0.0055   0.0090    29    31    36    36    8.4    8.2   11.1    8.8    10    11    76    21
   22.240      557 00100011  -0.1447  -0.0590   0.0268   0.0094    41    34    28    41   11.4    9.0    8.9   10.0    57    15    67    38
   22.280      558 00100011  -0.1042   0.0627  -0.0108  -0.0071    47    41    40    54   12.6   10.7   12.0   12.4    38    55    77    40
   22.320      559 00100011  -0.1035   0.0942  -0.0344  -0.0282    55    57    42    51   14.0   13.5   12.5   11.9    73    86    77    30
   22.360      560 00100011  -0.1053  -0.1246  -0.0516  -0.0088    32    34    25    34    9.3    9.0    8.0    8.4    18    13    16    43
   22.400      561 00100011  -0.0613   0.0623  -0.0076  -0.0089    29    32    25    38    8.4    8.5    8.0    9.3    45    39    61    28
   22.440      562 00100011   0.0022   0.1422  -0.0423   0.0167    32    29    29    30    9.3    7.7    9.2    7.3    41    37    37    17
   22.480      563 00100011   0.0045  -0.0774   0.0036   0.0190    32    34    26    35    9.3    9.0    8.3    8.6    26    36    31    35
   22.520      564 00100011  -0.0838  -0.0642   0.0159   0.0133    33    29    23    56    9.5    7.7    7.2   12.7    49    59    31    48
   22.560      565 00100011   0.1866  -0.0513   0.0041   0.0309    32    35    23    36    9.3    9.3    7.2    8.8    38    34    20    30
   22.600      566 00100011   0.3119   0.0215   0.0791   0.0340    28    38    27    35    8.1   10.0    8.6    8.6    27    15    51    35
   22.640      567 00100011  -0.1870   0.0182   0.0701   0.0697    37    41    35    55   10.5   10.7   10.9   12.5    44    44    67    75
   22.680      568 00100011   0.3952  -0.0177  -0.0324   0.0728    32    35    61    54    9.3    9.3   15.7   12.4    10    22    88    63
   22.720      569 00100011   0.2435   0.0527  -0.1049   0.0438    30    32    24    34    8.7    8.5    7.6    8.4    11    14    41    51
   22.760      570 00100011  -0.1165   0.0087   0.0140   0.0149    55    42    26    43   14.0   10.9    8.3   10.4    53    41    24    49
   22.800      571 00100011  -0.1422  -0.0077  -0.0125  -0.0009    39    51    61    58   11.0   12.6   15.7   13.0    46    57    88    60
   22.840      572 00100011  -0.1752  -0.1940  -0.0180  -0.0122    36    40    28    39   10.3   10.5    8.9    9.5    38    59    22    38
   22.880      573 00100011  -0.0913  -0.0619  -0.0464  -0.0480    37    65    32    45   10.5   14.7   10.1   10.8    30    80    27    29
   22.920      574 00100011  -0.1656  -0.0337  -0.0482  -0.0568    34    43    38    40    9.8   11.1   11.6    9.8    12    29    35    31
   22.960      575 00100011   0.1433  -0.0732   0.0603   0.0350    27    34    38    33    7.8    9.0   11.6    8.1    26    19    42    27
   23.000      576 00100011   0.0660   0.0562   0.0735   0.0726    32    41    30    47    9.3   10.7    9.5   11.2    38    39    44    84
   23.040      577 00100011  -0.0792   0.0380   0.0803   0.0803    54    71    52    80   13.8   15.4   14.3   15.8    77    83    83    89
   23.080      578 00100011  -0.0361   0.0602   0.0941   0.0733    32    31    38    45    9.3    8.2   11.6   10.8    19    60    62    33
   23.120      579 00100011   0.4938   0.2441  -0.0229   0.0228    33    35    27    32    9.5    9.3    8.6    7.8    20    45    53    23
   23.160      580 00100011   0.2690  -0.1816   0.0506   0.0037    29    34    26    33    8.4    9.0    8.3    8.1    29    60    59    13
   23.200      581 00100011  -0.1876   0.1398   0.0497   0.0677    34    31    28    40    9.8    8.2    8.9    9.8    40    29    40    30
   23.240      582 00100011  -0.0608   0.0350   0.0563   0.0884    50    35    22    29   13.2    9.3    6.8    7.0    26    73    17    32
   23.280      583 00100011  -0.1340   0.0451   0.0633   0.0697    49    52    38    37   13.0   12.7   11.6    9.1    57    74    74    30
   23.320      584 00100011  -0.1562   0.0226   0.0734   0.0254    28    31    23    36    8.1    8.2    7.2    8.8    11     4    32    36
   23.360      585 00100011   0.2221   0.2392   0.0454   0.0244    35    28    26    33   10.1    7.4    8.3    8.1    16    34    13    32
   23.400      586 00100011  -0.0181  -0.0161   0.0852  -0.0303    28    32    25    37    8.1    8.5    8.0    9.1     9    27    47    21
   23.440      587 00100011  -0.0862   0.0725   0.0016   0.0426    28    31    28    36    8.1    8.2    8.9    8.8    34    36    42    15
   23.480      588 00100011  -0.1098   0.1164   0.0418   0.0396    57    62    36    46   14.3   14.3   11.1   11.0    73    76    55    70
   23.520      589 00100011  -0.1368   0.0499   0.0460   0.0342    43    48    25    36   11.8   12.0    8.0    8.8    42    12    32    28
   23.560      590 00100011   0.0324   0.0450   0.0311   0.0237    27    33    28    44    7.8    8.8    8.9   10.6    41    34    66    46
   23.600      591 00100011   0.0924   0.0966   0.0444   0.0830    35    40    29    30   10.1   10.5    9.2    7.3    55    36    23    17
   23.640      592 00100011   0.0013  -0.0135   0.0475   0.1265    33    41    27    30    9.5   10.7    8.6    7.3    51    26    37    23
   23.680      593 00100011  -0.0105   0.0408   0.0170   0.0015    33    35    29    32    9.5    9.3    9.2    7.8    20    52    44    29
   23.720      594 00100011  -0.0721   0.1381  -0.0239  -0.0305    41    33    28    41   11.4    8.8    8.9   10.0    46    49    49    56
   23.760      595 00100011  -0.2738   0.1176   0.0468   0.0659    53    68    50    67   13.7   15.1   14.0   14.2    32    54    88    66
   23.800      596 00100011  -0.1921   0.0407   0.0712   0.0714    36    43    65    44   10.3   11.1   16.3   10.6    36    53    90    43
   23.840      597 00100011  -0.0171   0.0644   0.0655   0.0347    30    34    25    33    8.7    9.0    8.0    8.1    43    36    66    24
   23.880      598 00100011   0.0312  -0.0014   0.0277   0.0560    31    34    26    42    9.0    9.0    8.3   10.2    25    47    10    61
   23.920      599 00100011  -0.1439   0.0359   0.0629   0.0487    31    35    27    33    9.0    9.3    8.6    8.1    40    42    29    42
   23.960      600 00100011  -0.0472   0.0989   0.0504   0.0605    61    45    24    30   14.9   11.5    7.6    7.3    80    39    21    29
   24.000      601 00100011   0.0655   0.0933   0.0211   0.0560    40    69    27    33   11.2   15.2    8.6    8.1    35    87    42    56
   24.040      602 00100011   0.3712  -0.0058   0.0103   0.0867    33    38    29    46    9.5   10.0    9.2   11.0    19    28    27    71
   24.080      603 00100011  -0.0841   0.0411   0.0690   0.0736    32    32    27    32    9.3    8.5    8.6    7.8    14    62    34    37
   24.120      604 00100011  -0.0921   0.0922   0.0621   0.0731    54    36    30    38   13.8    9.5    9.5    9.3    60    19    51    31
   24.160      605 00100011   0.1282   0.1038   0.0137   0.0503    29    33    27    30    8.4    8.8    8.6    7.3    16    26    26    45
   24.200      606 00100011  -0.0322   0.0517   0.0504   0.0597    39    39    30    41   11.0   10.2    9.5   10.0    41    20    61    39
   24.240      607 00100011   0.1715   0.0943  -0.0195   0.0261    40    50    27    32   11.2   12.4    8.6    7.8    39    50    11    50
   24.280      608 00100011   0.0462   0.0134   0.0638   0.0363    36    38    27    40   10.3   10.0    8.6    9.8    10    40    43    45
   24.320      609 00100011  -0.0657   0.0177   0.0374   0.0199    32    36    24    33    9.3    9.5    7.6    8.1    70    30    47    29
   24.360      610 00100011  -0.0408  -0.1402   0.0263   0.0204    29    30    27    38    8.4    8.0    8.6    9.3    34    28    32    20
   24.400      611 00100011  -0.1560   0.0523   0.0702   0.0775    44    37    26    39   12.0    9.8    8.3    9.5    23    28    13    43
   24.440      612 00100011  -0.0229   0.0431   0.0846   0.0686    36    41    29    36   10.3   10.7    9.2    8.8    13    40    39    32
   24.480      613 00100011   0.0162  -0.0117   0.0563   0.0596    36    28    27    49   10.3    7.4    8.6   11.5    26    20    23    32
   24.520      614 00100011  -0.0642  -0.0114   0.0661   0.0707    35    48    37    48   10.1   12.0   11.4   11.3    16    62    69    73
   24.560      615 00100011   0.0567  -0.0594   0.0716   0.0250    30    30    45    45    8.7    8.0   13.1   10.8    24    10    37    34
   24.600      616 00100011  -0.2341   0.0574  -0.0089   0.0485    37    37    40    46   10.5    9.8   12.0   11.0    54    26    52     3
   24.640      617 00100011  -0.0527   0.1203   0.0062  -0.0149    31    44    42    57    9.0   11.3   12.5   12.8    40    45    60    59
   24.680      618 00100011  -0.0648   0.0929   0.0029  -0.0111    49    49    28    36   13.0   12.2    8.9    8.8    42    57    38    55
   24.720      619 00100011  -0.0350   0.0203  -0.0047  -0.0429    32    36    29    34    9.3    9.5    9.2    8.4    32     6    52    48
   24.760      620 00100011   0.0616   0.1008   0.0204   0.0007    34    35    27    44    9.8    9.3    8.6   10.6    23    48    17    38
   24.800      621 00100011  -0.0031   0.0698   0.0320   0.0095    42    45    25    32   11.6   11.5    8.0    7.8    26    71    32    44
   24.840      622 00100011   0.0141  -0.0346   0.0133   0.0189    29    32    25    32    8.4    8.5    8.0    7.8    20    30    46    23
   24.880      623 00100011  -0.0314  -0.0047   0.0277   0.0434    30    31    24    30    8.7    8.2    7.6    7.3    42    43    18    47
   24.920      624 00100011  -0.0205   0.2244   0.0506   0.0313    31    30    36    40    9.0    8.0   11.1    9.8    23     6    53    21
   24.960      625 00100011   0.0544   0.0951   0.0509   0.0365    39    39    40    45   11.0   10.2   12.0   10.8    15    13    66    22
   25.000      626 00100011  -0.1132   0.1081  -0.0046   0.0105    30    38    35    35    8.7   10.0   10.9    8.6    21    38    34    25
   25.040      627 00100011  -0.0524  -0.0636   0.0675   0.0473    35    32    25    42   10.1    8.5    8.0   10.2    15     4    33    27
   25.080      628 00100011  -0.0938   0.0048   0.0195  -0.0031    35    36    31    51   10.1    9.5    9.8   11.9    31    48    17    25
   25.120      629 00100011  -0.0542   0.2076   0.0089   0.0283    38    32    31    36   10.8    8.5    9.8    8.8    32    23    31    47
   25.160      630 00100011  -0.1039  -0.0141   0.0611   0.0730    42    40    27    35   11.6   10.5    8.6    8.6    47    38    28    38
   25.200      631 00100011  -0.0375   0.0320   0.0670   0.0608    33    42    54    98    9.5   10.9   14.6   17.5    30    37    82    93
   25.240      632 00100011   0.0425   0.0297   0.0792   0.1239    38    39    29    40   10.8   10.2    9.2    9.8    31    45    13    27
   25.280      633 00100011   0.4288   0.0175  -0.0016   0.1262    72    89    32    56   16.3   17.4   10.1   12.7    79    78    75    79
   25.320      634 00100011  -0.1649   0.0368   0.0272   0.0656    27    29    26    39    7.8    7.7    8.3    9.5    26    21    25    46
   25.360      635 00100011   0.1880   0.1804   0.0446   0.0620    32    31    24    44    9.3    8.2    7.6   10.6    42    29    29    62
   25.400      636 00100011  -0.1138  -0.0022   0.0397   0.0282    43    35    27    35   11.8    9.3    8.6    8.6    52    60    50    29
   25.440      637 00100011  -0.1060   0.0383   0.0184   0.0274    40    57    25    53   11.2   13.5    8.0   12.2    40    57    51    48
   25.480      638 00100011  -0.2257   0.0513  -0.0090   0.0246    28    34    34    39    8.1    9.0   10.6    9.5    31    10    69    31
   25.520      639 00100011  -0.2223   0.0481   0.0090   0.0466    28    32    26    36    8.1    8.5    8.3    8.8    39    29    46    29
   25.560      640 00100011  -0.1653  -0.0045   0.0262   0.0171    36    38    28    37   10.3   10.0    8.9    9.1    37    21    13    32
   25.600      641 00100011  -0.0844   0.0572   0.0023   0.0061    41    41    32    37   11.4   10.7   10.1    9.1    34    30    22    36
   25.640      642 00100011  -0.2035  -0.1670   0.0146   0.0500    40    37    29    34   11.2    9.8    9.2    8.4    69    39    17    48
   25.680      643 00100011  -0.2369   0.0124   0.0239   0.0135    30    39    26    33    8.7   10.2    8.3    8.1    22    24    25    22
   25.720      644 00100011  -0.0549   0.0743  -0.0019  -0.0041    38    35    29    37   10.8    9.3    9.2    9.1    44    22    13    35
   25.760      645 00100011  -0.1445  -0.1133   0.0135   0.0606    34    35    24    35    9.8    9.3    7.6    8.6    46    32    27    53
   25.800      646 00100011  -0.0050  -0.0667   0.0090  -0.0160    35    29    30    35   10.1    7.7    9.5    8.6    26    16    43    42
   25.840      647 00100011  -0.0250   0.1258   0.0209   0.0096    41    38    34    36   11.4   10.0   10.6    8.8    15    57    88    25
   25.880      648 00100011  -0.1542   0.1034  -0.0022   0.0129    39    32    26    36   11.0    8.5    8.3    8.8    20    16    33    35
   25.920      649 00100011   0.0512   0.1099  -0.0078   0.0036    38    40    34    33   10.8   10.5   10.6    8.1    27    65    10    45
   25.960      650 00100011  -0.0595  -0.1337  -0.0121   0.0599    36    43    26    32   10.3   11.1    8.3    7.8    19    43    12    35
   26.000      651 00100011  -0.1675   0.0574   0.0298   0.0377    32    28    27    32    9.3    7.4    8.6    7.8    31    51     5    30
   26.040      652 00100011  -0.0009   0.0292   0.0185   0.0080    28    33    24    34    8.1    8.8    7.6    8.4    60    32    30    40
   26.080      653 00100011  -0.0421   0.0796   0.0097   0.0392    36    33    23    40   10.3    8.8    7.2    9.8    55    15    29    46
   26.120      654 00100011  -0.0248   0.0898   0.0072   0.0095    44    34    29    49   12.0    9.0    9.2   11.5    49    44    58    68
   26.160      655 00100011  -0.0280   0.0858   0.0118   0.0161    33    38    38    56    9.5   10.0   11.6   12.7    16    52    65    69
   26.200      656 00100011  -0.1090   0.0704   0.0397   0.0207    38    38    26    37   10.8   10.0    8.3    9.1    10    61    23     4
   26.240      657 00100011  -0.0531   0.1258  -0.0067   0.0046    34    34    22    44    9.8    9.0    6.8   10.6    24    45    21    44
   26.280      658 00100011  -0.0768   0.2002  -0.0239   0.0249    33    34    38    86    9.5    9.0   11.6   16.4    34    17    75    88
   26.320      659 00100011   0.0022   0.0489  -0.0045  -0.0088    38    62    86    84   10.8   14.3   18.7   16.2    34    91    96    91
   26.360      660 00100011  -0.0044   0.0378  -0.0009   0.0028    45    66    47    79   12.2   14.8   13.4   15.7    60    89    71    80
   26.400      661 00100011  -0.0242   0.0487   0.0053   0.0061    36    51    53    74   10.3   12.6   14.5   15.1    16    79    87    86
   26.440      662 00100011  -0.0156   0.0365   0.0088   0.0071    38    59    67    55   10.8   13.8   16.5   12.5    61    82    93    82
   26.480      663 00100011  -0.1269   0.0147  -0.0090   0.0180    38    34    33    35   10.8    9.0   10.4    8.6    19    62    71    44
   26.520      664 00100011  -0.0015   0.0276   0.0068   0.0236    30    36    30    30    8.7    9.5    9.5    7.3    58    39    39    27
   26.560      665 00100011  -0.1290   0.0624   0.0434   0.0168    29    29    22    50    8.4    7.7    6.8   11.7    19    50    13    82
   26.600      666 00100011   0.0121   0.0903   0.0331   0.0162    30    33    29    54    8.7    8.8    9.2   12.4    57    32    51    77
   26.640      667 00100011  -0.0617   0.0446   0.0108   0.0109    33    35    31    45    9.5    9.3    9.8   10.8    39    54    40    75
   26.680      668 00100011  -0.0086   0.0739   0.0026   0.0005    41    37    27    50   11.4    9.8    8.6   11.7    18    56    48    54
   26.720      669 00100011  -0.2007   0.1438   0.0253  -0.0026    39    44    24    32   11.0   11.3    7.6    7.8    48    31    27    34
   26.760      670 00100011  -0.0082   0.0777   0.0138   0.0126    39    35    48    70   11.0    9.3   13.6   14.6    53    55    79    86
   26.800      671 00100011   0.0003   0.0787   0.0195   0.0143    39    40    69    46   11.0   10.5   16.8   11.0    46    58    91    61
   26.840      672 00100011   0.0478   0.0450   0.0049   0.0158    30    34    30    29    8.7    9.0    9.5    7.0    20    15    40    24
   26.880      673 00100011  -0.1709   0.0738   0.0805   0.0534    32    37    25    34    9.3    9.8    8.0    8.4    40    43    22     3
   26.920      674 00100011   0.0046   0.0582   0.0514   0.0358    47    33    28    46   12.6    8.8    8.9   11.0    50    15    81    43
   26.960      675 00100011  -0.0518   0.0911   0.0490   0.0459    43    37    31    39   11.8    9.8    9.8    9.5    65    15    31    23
   27.000      676 00100011   0.0283   0.0349   0.0229   0.0191    36    35    25    36   10.3    9.3    8.0    8.8    22    50    48    49
   27.040      677 00100011  -0.0182   0.0193   0.0057   0.0114    62    39    28    39   15.0   10.2    8.9    9.5    82    28    26    41
   27.080      678 00100011  -0.0098   0.0672   0.0017   0.0002    59    42    35    54   14.6   10.9   10.9   12.4    81    40    60    48
   27.120      679 00100011  -0.0429  -0.0048  -0.0143  -0.0204    34    40    54    63    9.8   10.5   14.6   13.7    44    32    81    81
   27.160      680 00100011  -0.0074   0.0094  -0.0111  -0.0118    65    53    43    73   15.4   12.9   12.7   15.0    79    65    74    79
   27.200      681 00100011  -0.0292   0.0005  -0.0156  -0.0129    84    98    48    77   17.7   18.2   13.6   15.5    89    89    74    85
   27.240      682 00100011  -0.0186   0.0131  -0.0123  -0.0109    55    71    52    91   14.0   15.4   14.3   16.9    67    65    84    90
   27.280      683 00100011  -0.0176  -0.0003  -0.0080  -0.0083    47    71    41   102   12.6   15.4   12.3   17.9    71    77    66    93
   27.320      684 00100011  -0.0164   0.0114  -0.0137  -0.0053    48    60    44   116   12.8   14.0   12.9   19.0    62    77    79    97
   27.360      685 00100011   0.0177  -0.0164  -0.0165  -0.0150    43    34    47   107   11.8    9.0   13.4   18.3    56    33    68    94
   27.400      686 00100011  -0.0371   0.0058  -0.0277  -0.0148    37    46    51   108   10.5   11.7   14.2   18.4    35    56    79    96
   27.440      687 00100011   0.0161   0.0001  -0.0257  -0.0211    52    39    50   105   13.5   10.2   14.0   18.1    78    64    86    95
   27.480      688 00100011  -0.0048  -0.0223  -0.0278  -0.0333    43    36    37    87   11.8    9.5   11.4   16.5    74    29    67    93
   27.520      689 00100011   0.0059   0.0143  -0.0239  -0.0307    30    29    28    42    8.7    7.7    8.9   10.2    22    12    48    46
   27.560      690 00100011  -0.0173   0.1175  -0.0563  -0.0207    30    33    32    45    8.7    8.8   10.1   10.8    19    41    42    62
