    2.840       72 00100011   0.0243  -0.0028   0.0039  -0.0012    32    44    31    43    2.1    5.6    2.2    3.4    68    85    67    54
    2.880       73 00100011  -0.0160  -0.0053  -0.0016  -0.0008    41    42    32    49    4.3    5.2    2.5    4.6    75    65    58    68
    2.920       74 00100011  -0.0021  -0.0186   0.0007   0.0002    37    39    32    40    3.4    4.6    2.5    2.8    73    72    53    65
    2.960       75 00100011   0.0153   0.0050  -0.0127  -0.0050    35    38    31    45    2.9    4.4    2.2    3.8    61    66    42    55
    3.000       76 00100011   0.0097  -0.0296  -0.0036   0.0014    37    37    32    42    3.4    4.1    2.5    3.2    65    75    67    62
    3.040       77 00100011   0.0012  -0.0020   0.0004  -0.0030    38    35    33    49    3.6    3.6    2.8    4.6    74    77    56    69
    3.080       78 00100011  -0.0008  -0.0057  -0.0062   0.0012    35    34    31    52    2.9    3.4    2.2    5.1    70    75    64    52
    3.120       79 00100011  -0.0152   0.0375   0.0014  -0.0055    40    35    34    37    4.1    3.6    3.0    2.1    72    69    50    54
    3.160       80 00100011   0.0103   0.0042  -0.0037  -0.0036    39    34    32    39    3.9    3.4    2.5    2.6    70    65    66    46
    3.200       81 00100011  -0.0123   0.0013  -0.0069  -0.0043    40    35    35    44    4.1    3.6    3.3    3.6    70    76    67    70
    3.240       82 00100011  -0.0182   0.0041  -0.0039  -0.0053    39    31    33    42    3.9    2.6    2.8    3.2    73    70    68    61
    3.280       83 00100011   0.0010  -0.0015  -0.0054  -0.0053    39    36    32    44    3.9    3.9    2.5    3.6    76    75    76    76
    3.320       84 00100011  -0.0031  -0.0013  -0.0058  -0.0053    48    44    38    40    5.7    5.6    4.0    2.8    82    79    70    81
    3.360       85 00100011   0.0108   0.0025  -0.0052  -0.0100    46    37    37    35    5.3    4.1    3.8    1.6    81    62    70    70
    3.400       86 00100011   0.0036  -0.0009  -0.0042  -0.0055    48    43    35    41    5.7    5.4    3.3    3.0    76    80    78    82
    3.440       87 00100011  -0.0106   0.0084  -0.0033  -0.0042    52    32    33    48    6.4    2.9    2.8    4.4    84    76    67    70
    3.480       88 00100011   0.0036   0.0015  -0.0065  -0.0030    54    36    39    50    6.7    3.9    4.2    4.7    88    45    71    48
    3.520       89 00100011  -0.0086  -0.0006  -0.0029   0.0000    45    38    41    45    5.1    4.4    4.7    3.8    73    64    69    56
    3.560       90 00100011  -0.0068  -0.0146  -0.0042  -0.0065    50    35    31    38    6.0    3.6    2.2    2.3    80    71    67    61
    3.600       91 00100011  -0.0178   0.0005  -0.0015  -0.0041    48    32    39    40    5.7    2.9    4.2    2.8    79    62    69    69
    3.640       92 00100011  -0.0044  -0.0097  -0.0060   0.0031    50    37    36    42    6.0    4.1    3.5    3.2    85    49    67    65
    3.680       93 00100011  -0.0150   0.0005  -0.0057  -0.0028    47    37    35    44    5.5    4.1    3.3    3.6    78    58    72    62
    3.720       94 00100011  -0.0068  -0.0011  -0.0028  -0.0078    48    47    33    42    5.7    6.2    2.8    3.2    76    70    74    71
    3.760       95 00100011  -0.0136  -0.0013  -0.0025  -0.0045    36    46    37    44    3.2    6.0    3.8    3.6    66    80    78    80
    3.800       96 00100011   0.0089   0.0191  -0.0048  -0.0045    38    45    37    38    3.6    5.8    3.8    2.3    67    77    83    64
    3.840       97 00100011  -0.0019  -0.0026  -0.0036   0.0035    38    49    38    40    3.6    6.6    4.0    2.8    77    80    67    63
    3.880       98 00100011  -0.0068   0.0125  -0.0031  -0.0026    42    52    41    49    4.5    7.1    4.7    4.6    79    85    82    77
    3.920       99 00100011  -0.0134   0.0039  -0.0021  -0.0046    42    55    39    52    4.5    7.6    4.2    5.1    66    89    86    76
    3.960      100 00100011  -0.0042   0.0035   0.0007  -0.0040    31    57    38    45    1.9    7.9    4.0    3.8    80    89    83    68
    4.000      101 00100011   0.0101   0.0023  -0.0036  -0.0023    37    65    37    45    3.4    9.0    3.8    3.8    67    91    79    77
    4.040      102 00100011   0.0079  -0.0017  -0.0041  -0.0042    41    72    39    45    4.3    9.9    4.2    3.8    73    92    72    73
    4.080      103 00100011   0.0030   0.0007  -0.0023  -0.0048    45    63    37    44    5.1    8.8    3.8    3.6    75    89    76    76
    4.120      104 00100011   0.0075   0.0011  -0.0042  -0.0038    39    69    37    48    3.9    9.5    3.8    4.4    62    91    70    77
    4.160      105 00100011  -0.0013   0.0005  -0.0039  -0.0014    51    63    34    47    6.2    8.8    3.0    4.2    77    90    82    63
    4.200      106 00100011   0.0106   0.0039  -0.0050  -0.0043    38    71    33    50    3.6    9.8    2.8    4.7    77    93    58    77
    4.240      107 00100011   0.0067   0.0048  -0.0027  -0.0048    41    62    38    46    4.3    8.6    4.0    4.0    75    91    82    74
    4.280      108 00100011  -0.0052   0.0011  -0.0058  -0.0048    44    71    36    44    4.9    9.8    3.5    3.6    72    91    81    74
    4.320      109 00100011  -0.0115   0.0056  -0.0020  -0.0051    44    65    29    46    4.9    9.0    1.6    4.0    81    95    73    77
    4.360      110 00100011  -0.0023   0.0037  -0.0037  -0.0042    45    57    41    48    5.1    7.9    4.7    4.4    82    89    84    79
    4.400      111 00100011   0.0014   0.0050  -0.0035  -0.0039    41    62    35    41    4.3    8.6    3.3    3.0    81    92    63    71
    4.440      112 00100011   0.0028   0.0042  -0.0055  -0.0071    47    61    27    46    5.5    8.5    1.0    4.0    84    92    60    68
    4.480      113 00100011   0.0049   0.0013  -0.0043  -0.0035    41    54    33    40    4.3    7.4    2.8    2.8    78    92    69    80
    4.520      114 00100011  -0.0066  -0.0013  -0.0036  -0.0044    49    58    26    40    5.8    8.0    0.7    2.8    77    90    43    79
    4.560      115 00100011   0.0000   0.0096  -0.0055  -0.0069    45    50    29    38    5.1    6.7    1.6    2.3    71    91    57    34
    4.600      116 00100011   0.0147   0.0084  -0.0075  -0.0063    39    49    29    39    3.9    6.6    1.6    2.6    71    86    64    43
    4.640      117 00100011  -0.0033   0.0084  -0.0064  -0.0069    35    40    26    33    2.9    4.8    0.7    1.1    71    81    45    51
    4.680      118 00100011   0.0112  -0.0036  -0.0052  -0.0046    36    39    22    37    3.2    4.6   -0.8    2.1    70    77    49    54
    4.720      119 00100011  -0.0190  -0.0065   0.0008  -0.0028    35    38    29    41    2.9    4.4    1.6    3.0    66    71    34    52
    4.760      120 00100011  -0.0116  -0.0069  -0.0035  -0.0060    42    34    32    31    4.5    3.4    2.5    0.6    70    74    29    29
    4.800      121 00100011  -0.0230   0.0064  -0.0038  -0.0070    37    36    32    34    3.4    3.9    2.5    1.4    70    82    61    64
    4.840      122 00100011  -0.0299   0.0230  -0.0027  -0.0082    30    33    32    32    1.6    3.1    2.5    0.9    52    66    61    29
    4.880      123 00100011  -0.0019  -0.0063   0.0026  -0.0021    33    43    28    30    2.4    5.4    1.3    0.3    57    77    39    28
    4.920      124 00100011  -0.0126   0.0104  -0.0009  -0.0101    33    39    29    36    2.4    4.6    1.6    1.9    61    71    48    51
    4.960      125 00100011   0.0022   0.0003   0.0003  -0.0040    36    41    25    32    3.2    5.0    0.4    0.9    70    81    60    46
    5.000      126 00100011  -0.0230  -0.0035  -0.0020  -0.0060    39    36    29    37    3.9    3.9    1.6    2.1    65    79    51    58
    5.040      127 00100011   0.0267  -0.0101  -0.0095  -0.0029    40    40    27    35    4.1    4.8    1.0    1.6    80    71    42    44
    5.080      128 00100011  -0.0211  -0.0233  -0.0027   0.0018    51    38    28    33    6.2    4.4    1.3    1.1    74    67    66    52
    5.120      129 00100011  -0.0130  -0.0005  -0.0021  -0.0029    58    33    28    36    7.3    3.1    1.3    1.9    87    71    66    57
    5.160      130 00100011  -0.0315   0.0080  -0.0008  -0.0024    58    31    34    41    7.3    2.6    3.0    3.0    85    66    51    54
    5.200      131 00100011   0.0067   0.0145  -0.0053  -0.0042    59    35    32    36    7.5    3.6    2.5    1.9    86    60    66    63
    5.240      132 00100011  -0.0050   0.0092  -0.0057  -0.0125    67    30    27    46    8.6    2.3    1.0    4.0    92    57    51    70
    5.280      133 00100011   0.0151  -0.0121  -0.0095  -0.0023    51    30    29    36    6.2    2.3    1.6    1.9    81    62    50    40
    5.320      134 00100011  -0.0029  -0.0089  -0.0071  -0.0042    61    34    39    47    7.7    3.4    4.2    4.2    90    82    73    66
    5.360      135 00100011  -0.0044   0.0058  -0.0071  -0.0065    66    34    39    38    8.4    3.4    4.2    2.3    91    70    63    54
    5.400      136 00100011  -0.0164  -0.0117  -0.0017  -0.0033    50    37    38    39    6.0    4.1    4.0    2.6    86    74    61    52
    5.440      137 00100011  -0.0025  -0.0101  -0.0059  -0.0078    53    34    29    41    6.5    3.4    1.6    3.0    90    68    46    57
    5.480      138 00100011  -0.0042  -0.0109  -0.0056  -0.0042    50    38    32    37    6.0    4.4    2.5    2.1    86    68    55    47
    5.520      139 00100011  -0.0086   0.0086  -0.0069  -0.0100    55    29    37    33    6.8    2.0    3.8    1.1    90    46    77    21
    5.560      140 00100011  -0.0190  -0.0015  -0.0040  -0.0039    61    32    31    36    7.7    2.9    2.2    1.9    91    72    62    47
    5.600      141 00100011  -0.0048  -0.0142  -0.0044  -0.0003    44    28    30    36    4.9    1.7    1.9    1.9    85    59    52    51
    5.640      142 00100011  -0.0074   0.0078  -0.0068  -0.0057    50    28    34    40    6.0    1.7    3.0    2.8    85    46    42    55
    5.680      143 00100011  -0.0054   0.0072  -0.0021   0.0029    39    27    30    37    3.9    1.4    1.9    2.1    74    22    44    47
    5.720      144 00100011  -0.0190   0.0207  -0.0031   0.0049    33    23    37    41    2.4    0.0    3.8    3.0    65    33    59    61
    5.760      145 00100011  -0.0130  -0.0229  -0.0077  -0.0090    29    28    35    39    1.3    1.7    3.3    2.6    45    44    66    55
    5.800      146 00100011  -0.0221   0.0000  -0.0010   0.0016    24    23    28    36   -0.4    0.0    1.3    1.9    41    51    69    52
    5.840      147 00100011  -0.0331  -0.1682  -0.0063  -0.0427    27    23    40    52    0.7    0.0    4.4    5.1    28    22    65    75
    5.880      148 00100011  -0.0217  -0.0042  -0.0117  -0.0046    23    32    47    55   -0.7    2.9    5.8    5.6    28    46    87    79
    5.920      149 00100011  -0.0082  -0.0036  -0.0066  -0.0046    26    26    37    47    0.3    1.1    3.8    4.2    46    49    77    71
    5.960      150 00100011  -0.0029  -0.0032  -0.0032   0.0002    25    26    39    47    0.0    1.1    4.2    4.2    22    41    74    75
    6.000      151 00100011  -0.0156  -0.0042  -0.0052  -0.0011    26    31    39    47    0.3    2.6    4.2    4.2    52    59    77    75
    6.040      152 00100011  -0.0039   0.0025   0.0009  -0.0022    31    29    31    60    1.9    2.0    2.2    6.3    58    61    69    76
    6.080      153 00100011  -0.0228  -0.0136  -0.0022  -0.0050    35    30    41    42    2.9    2.3    4.7    3.2    67    49    87    72
    6.120      154 00100011  -0.0104   0.0163  -0.0089  -0.0042    39    27    40    39    3.9    1.4    4.4    2.6    75    39    81    65
    6.160      155 00100011  -0.0125   0.0052  -0.0038  -0.0011    38    29    38    68    3.6    2.0    4.0    7.4    74    40    84    84
    6.200      156 00100011  -0.0082  -0.0011  -0.0047  -0.0046    38    30    30    69    3.6    2.3    1.9    7.5    75    61    63    80
    6.240      157 00100011  -0.0054  -0.0007  -0.0039  -0.0026    40    28    40    56    4.1    1.7    4.4    5.7    73    35    80    67
    6.280      158 00100011  -0.0062  -0.0009  -0.0076  -0.0047    40    30    30    59    4.1    2.3    1.9    6.2    64    55    64    80
    6.320      159 00100011  -0.0158   0.0035  -0.0064  -0.0062    37    30    36    59    3.4    2.3    3.5    6.2    73    44    81    68
    6.360      160 00100011  -0.0144  -0.0227  -0.0065  -0.0080    38    32    29    68    3.6    2.9    1.6    7.4    65    59    79    89
    6.400      161 00100011  -0.0039  -0.0055  -0.0034  -0.0068    39    27    29    72    3.9    1.4    1.6    7.9    61    61    67    90
    6.440      162 00100011  -0.0035   0.0003  -0.0062  -0.0042    32    26    36    71    2.1    1.1    3.5    7.8    69    50    64    86
    6.480      163 00100011  -0.0080  -0.0172  -0.0047  -0.0088    34    26    34    68    2.7    1.1    3.0    7.4    69    48    81    84
    6.520      164 00100011  -0.0136   0.0110  -0.0053   0.0007    36    30    35    67    3.2    2.3    3.3    7.3    77    64    76    89
    6.560      165 00100011   0.0043  -0.0152  -0.0067  -0.0069    36    32    36    75    3.2    2.9    3.5    8.3    66    53    75    90
    6.600      166 00100011   0.0026  -0.0059  -0.0048  -0.0051    37    25    33    72    3.4    0.7    2.8    7.9    56    36    72    91
    6.640      167 00100011   0.0227  -0.0103   0.0015  -0.0038    28    29    36    71    1.0    2.0    3.5    7.8    46    50    67    87
    6.680      168 00100011  -0.0110  -0.0019  -0.0015  -0.0042    26    30    42    66    0.3    2.3    4.9    7.1    54    64    75    81
    6.720      169 00100011  -0.0027  -0.0065  -0.0038  -0.0033    29    36    31    67    1.3    3.9    2.2    7.3    36    73    74    83
    6.760      170 00100011  -0.0146  -0.0001  -0.0063  -0.0033    29    31    33    72    1.3    2.6    2.8    7.9    31    45    69    88
    6.800      171 00100011   0.2400   0.0044   0.0481  -0.0038    24    28    36    64   -0.4    1.7    3.5    6.9    15    41    70    81
    6.840      172 00100011  -0.0086  -0.0059  -0.0061  -0.0060    30    24    33    68    1.6    0.4    2.8    7.4    41    52    72    86
    6.880      173 00100011   0.0047  -0.0036  -0.0031  -0.0031    29    28    38    68    1.3    1.7    4.0    7.4    42    47    65    82
    6.920      174 00100011   0.0245   0.0070   0.0001  -0.0020    27    28    33    64    0.7    1.7    2.8    6.9    32    40    67    88
    6.960      175 00100011   0.0118   0.0058  -0.0080  -0.0031    29    30    37    70    1.3    2.3    3.8    7.7    40    44    56    82
    7.000      176 00100011   0.0149  -0.0154  -0.0007  -0.0083    29    30    37    63    1.3    2.3    3.8    6.7    36    52    78    81
    7.040      177 00100011  -0.0258   0.0062  -0.0040  -0.0057    30    34    35    61    1.6    3.4    3.3    6.5    51    73    70    79
    7.080      178 00100011   0.0107  -0.0053  -0.0005  -0.0058    28    30    38    58    1.0    2.3    4.0    6.0    38    54    72    79
    7.120      179 00100011  -0.0178  -0.0053  -0.0043  -0.0077    29    31    32    52    1.3    2.6    2.5    5.1    45    58    58    71
    7.160      180 00100011  -0.0194  -0.0053  -0.0059  -0.0063    30    27    30    57    1.6    1.4    1.9    5.9    48    57    66    82
    7.200      181 00100011   0.0099  -0.0018  -0.0019  -0.0023    26    29    35    64    0.3    2.0    3.3    6.9    45    54    63    69
    7.240      182 00100011   0.0000  -0.0071  -0.0007  -0.0055    32    28    33    69    2.1    1.7    2.8    7.5    47    54    69    78
    7.280      183 00100011   0.0032  -0.0111  -0.0022  -0.0051    28    28    29    69    1.0    1.7    1.6    7.5    55    49    75    79
    7.320      184 00100011   0.0059  -0.0227  -0.0033  -0.0044    28    33    30    45    1.0    3.1    1.9    3.8    40    51    65    70
    7.360      185 00100011  -0.0286  -0.0225  -0.0043  -0.0079    31    33    27    53    1.9    3.1    1.0    5.2    41    51    63    74
    7.400      186 00100011  -0.0146  -0.0051  -0.0058  -0.0065    28    32    29    56    1.0    2.9    1.6    5.7    36    50    39    76
    7.440      187 00100011  -0.0096  -0.0146  -0.0027  -0.0096    33    35    29    49    2.4    3.6    1.6    4.6    54    64    59    76
    7.480      188 00100011  -0.0064   0.0151  -0.0056  -0.0037    32    29    33    55    2.1    2.0    2.8    5.6    58    42    74    82
    7.520      189 00100011  -0.0011  -0.0063  -0.0045  -0.0069    36    26    32    53    3.2    1.1    2.5    5.2    47    34    68    81
    7.560      190 00100011  -0.0078  -0.0043  -0.0063  -0.0019    34    30    27    55    2.7    2.3    1.0    5.6    65    55    70    83
    7.600      191 00100011  -0.0154  -0.0015  -0.0037  -0.0024    33    30    35    55    2.4    2.3    3.3    5.6    65    43    68    85
    7.640      192 00100011   0.0043   0.0054  -0.0070  -0.0055    33    30    32    46    2.4    2.3    2.5    4.0    51    42    77    73
    7.680      193 00100011  -0.0080  -0.0148  -0.0033  -0.0046    35    25    36    44    2.9    0.7    3.5    3.6    60    48    77    83
    7.720      194 00100011  -0.0215  -0.0075  -0.0031   0.0001    34    30    27    41    2.7    2.3    1.0    3.0    61    50    64    76
    7.760      195 00100011  -0.0221   0.0003  -0.0050  -0.0039    33    27    32    34    2.4    1.4    2.5    1.4    65    72    72    74
    7.800      196 00100011  -0.0004  -0.0097  -0.0056   0.0007    37    26    32    38    3.4    1.1    2.5    2.3    48    53    57    62
    7.840      197 00100011  -0.0200  -0.0099  -0.0014  -0.0016    35    30    30    40    2.9    2.3    1.9    2.8    63    60    52    63
    7.880      198 00100011  -0.0397  -0.0087   0.0091   0.0000    33    31    26    43    2.4    2.6    0.7    3.4    56    49    50    63
    7.920      199 00100011  -0.0100  -0.0186   0.0018  -0.0045    29    31    22    47    1.3    2.6   -0.8    4.2    58    64    45    73
    7.960      200 00100011   0.0067  -0.0025  -0.0016  -0.0071    32    26    31    58    2.1    1.1    2.2    6.0    54    26    57    83
    8.000      201 00100011  -0.0009   0.0090  -0.0020   0.0019    34    28    34    55    2.7    1.7    3.0    5.6    52    33    72    78
    8.040      202 00100011   0.0006  -0.0225  -0.0097  -0.0078    29    29    32    54    1.3    2.0    2.5    5.4    29    55    65    77
    8.080      203 00100011  -0.0029  -0.0055  -0.0082  -0.0061    34    28    33    45    2.7    1.7    2.8    3.8    59    24    79    80
    8.120      204 00100011  -0.0104   0.0035  -0.0038  -0.0024    38    26    33    38    3.6    1.1    2.8    2.3    66    53    77    58
    8.160      205 00100011   0.0034   0.0122  -0.0055  -0.0017    32    26    32    37    2.1    1.1    2.5    2.1    62    42    51    58
    8.200      206 00100011   0.0120   0.0153  -0.0093  -0.0037    31    25    26    51    1.9    0.7    0.7    4.9    64    48    35    82
    8.240      207 00100011  -0.0025  -0.0130  -0.0020  -0.0078    35    26    31    50    2.9    1.1    2.2    4.7    48    46    67    82
    8.280      208 00100011  -0.0104   0.0252  -0.0095  -0.0013    30    25    27    47    1.6    0.7    1.0    4.2    58    63    73    80
    8.320      209 00100011  -0.0213   0.0076  -0.0078  -0.0035    27    30    34    50    0.7    2.3    3.0    4.7    55    54    71    77
    8.360      210 00100011  -0.0278   0.0054  -0.0065  -0.0045    30    33    28    44    1.6    3.1    1.3    3.6    51    55    65    76
    8.400      211 00100011  -0.0098  -0.0045  -0.0112  -0.0038    27    35    29    41    0.7    3.6    1.6    3.0    48    57    58    77
    8.440      212 00100011  -0.0074  -0.0132  -0.0017  -0.0036    29    36    26    41    1.3    3.9    0.7    3.0    43    66    60    61
    8.480      213 00100011   0.0243   0.0009  -0.0101  -0.0098    25    40    24    31    0.0    4.8    0.0    0.6    30    67    56    53
    8.520      214 00100011  -0.0010  -0.0037  -0.0113  -0.0055    27    38    22    38    0.7    4.4   -0.8    2.3    46    61    56    69
    8.560      215 00100011  -0.0127   0.0019  -0.0115  -0.0066    31    39    23    50    1.9    4.6   -0.4    4.7    15    75    51    61
    8.600      216 00100011  -0.0198   0.0072  -0.0093  -0.0042    24    48    30    48   -0.4    6.4    1.9    4.4    38    78    56    78
    8.640      217 00100011  -0.0029  -0.0065  -0.0072  -0.0069    28    44    30    44    1.0    5.6    1.9    3.6    37    78    59    80
    8.680      218 00100011  -0.0104   0.0035  -0.0111  -0.0089    33    44    30    42    2.4    5.6    1.9    3.2    36    82    79    75
    8.720      219 00100011   0.0002   0.0070  -0.0084  -0.0084    31    36    30    33    1.9    3.9    1.9    1.1    40    63    63    64
    8.760      220 00100011   0.0277  -0.0099  -0.0133  -0.0105    31    29    25    36    1.9    2.0    0.4    1.9    56    57    35    53
    8.800      221 00100011   0.0213   0.0029  -0.0146  -0.0088    27    28    21    35    0.7    1.7   -1.2    1.6    29    39    40    79
    8.840      222 00100011   0.0175   0.0042  -0.0080  -0.0102    28    28    31    44    1.0    1.7    2.2    3.6    41    50    67    79
    8.880      223 00100011   0.0127   0.0048  -0.0068  -0.0088    29    27    32    45    1.3    1.4    2.5    3.8    39    64    56    71
    8.920      224 00100011   0.0016   0.0084  -0.0126  -0.0090    26    30    29    54    0.3    2.3    1.6    5.4    53    63    64    83
    8.960      225 00100011  -0.0027  -0.0067  -0.0150  -0.0089    29    30    35    43    1.3    2.3    3.3    3.4    45    68    66    70
    9.000      226 00100011   0.0183   0.0151  -0.0097  -0.0120    25    26    29    40    0.0    1.1    1.6    2.8    15    33    38    41
    9.040      227 00100011  -0.0472   0.0390  -0.0225  -0.0014    25    22    24    49    0.0   -0.4    0.0    4.6    32     7    29    73
    9.080      228 00100011   0.0410  -0.0110  -0.0160  -0.0187    30    29    33    39    1.6    2.0    2.8    2.6    40    50    55    68
    9.120      229 00100011   0.0223  -0.0140  -0.0230  -0.0135    37    26    24    45    3.4    1.1    0.0    3.8    55    32    37    61
    9.160      230 00100011   0.0000  -0.0112  -0.0196  -0.0190    28    28    35    50    1.0    1.7    3.3    4.7    42    59    59    61
    9.200      231 00100011   0.0259  -0.0135  -0.0178  -0.0247    30    28    41    41    1.6    1.7    4.7    3.0    53    36    83    70
    9.240      232 00100011  -0.0129  -0.0164  -0.0283  -0.0200    25    30    55    35    0.0    2.3    7.2    1.6    16    29    82    55
    9.280      233 00100011   0.0175   0.0058  -0.0221  -0.0201    32    30    57    68    2.1    2.3    7.5    7.4    32    58    91    84
    9.320      234 00100011   0.0294  -0.0080  -0.0222  -0.0215    43    56    59    65    4.7    7.7    7.8    7.0    79    88    92    90
    9.360      235 00100011   0.0255  -0.0017  -0.0229  -0.0241    42    47    36    59    4.5    6.2    3.5    6.2    82    83    78    93
    9.400      236 00100011   0.0327  -0.0086  -0.0228  -0.0260    35    36    25    39    2.9    3.9    0.4    2.6    70    68    44    67
    9.440      237 00100011  -0.0980   0.2366   0.0135   0.0418    27    25    19    39    0.7    0.7   -2.0    2.6    38    35    22    69
    9.480      238 00100011   0.0572   0.0037  -0.0250  -0.0248    25    24    18    44    0.0    0.4   -2.5    3.6    38    55     4    51
    9.520      239 00100011   0.0758  -0.0302  -0.0323  -0.0205    31    47    21    31    1.9    6.2   -1.2    0.6    76    86    24    30
    9.560      240 00100011   0.0239   0.0052  -0.0217  -0.0297    51    31    22    31    6.2    2.6   -0.8    0.6    84    67    39    30
    9.600      241 00100011  -0.0102  -0.0125  -0.0073  -0.0258    32    30    25    33    2.1    2.3    0.4    1.1    55    63    17    28
    9.640      242 00100011   0.0182  -0.0180  -0.0293  -0.0263    37    38    25    29    3.4    4.4    0.4    0.0    71    73    37    42
    9.680      243 00100011   0.0453   0.0001  -0.0293  -0.0260    29    40    46    45    1.3    4.8    5.7    3.8    36    80    68    66
    9.720      244 00100011   0.0251  -0.0044  -0.0274  -0.0295    27    42    32    50    0.7    5.2    2.5    4.7    39    87    75    84
    9.760      245 00100011   0.0255   0.0009  -0.0291  -0.0304    37    34    25    35    3.4    3.4    0.4    1.6    71    75    49    49
    9.800      246 00100011  -0.2159  -0.0007   0.0376  -0.0280    31    45    19    39    1.9    5.8   -2.0    2.6    67    83    26    59
    9.840      247 00100011   0.0544  -0.0114  -0.0342  -0.0293    47    31    23    30    5.5    2.6   -0.4    0.3    84    62    44    63
    9.880      248 00100011   0.0533  -0.0102  -0.0308  -0.0345    42    26    24    28    4.5    1.1    0.0   -0.3    65    36    61    34
    9.920      249 00100011   0.0511   0.0068  -0.0370  -0.0338    31    24    27    33    1.9    0.4    1.0    1.1    50    46    69    59
    9.960      250 00100011   0.0152   0.0070  -0.0451  -0.0313    28    23    42    38    1.0    0.0    4.9    2.3     6    35    91    89
   10.000      251 00100011   0.0564  -0.0229  -0.0287  -0.0341    28    26    35    71    1.0    1.1    3.3    7.8    51    40    72    93
   10.040      252 00100011   0.0445  -0.0127  -0.0339  -0.0342    27    56    37    61    0.7    7.7    3.8    6.5    44    86    85    93
   10.080      253 00100011   0.0623  -0.0139  -0.0364  -0.0357    32    48    21    31    2.1    6.4   -1.2    0.6    59    87    40    66
   10.120      254 00100011   0.0090  -0.0263  -0.0279  -0.0287    32    28    20    27    2.1    1.7   -1.6   -0.6    66    43    32    33
   10.160      255 00100011   0.0307  -0.0230  -0.0313  -0.0397    28    29    23    27    1.0    2.0   -0.4   -0.6    50    43    28    41
   10.200      256 00100011   0.0799  -0.0046  -0.0401  -0.0384    31    25    23    35    1.9    0.7   -0.4    1.6    54    23    26    45
   10.240      257 00100011   0.0605  -0.0267  -0.0413  -0.0376    34    24    24    33    2.7    0.4    0.0    1.1    64    52    50    61
   10.280      258 00100011   0.0852  -0.0338  -0.0395  -0.0394    30    26    25    34    1.6    1.1    0.4    1.4    45    51    51    45
   10.320      259 00100011   0.0478  -0.0110  -0.0380  -0.0376    42    35    28    32    4.5    3.6    1.3    0.9    66    68    73    59
   10.360      260 00100011   0.0710  -0.0029  -0.0430  -0.0393    31    48    24    30    1.9    6.4    0.0    0.3    48    72    37    34
   10.400      261 00100011   0.0501  -0.0193  -0.0451  -0.0419    34    30    21    42    2.7    2.3   -1.2    3.2    49    62    43    63
   10.440      262 00100011   0.0626  -0.0338  -0.0437  -0.0460    33    41    30    36    2.4    5.0    1.9    1.9    48    77    60    67
   10.480      263 00100011   0.0646  -0.0120  -0.0445  -0.0467    36    40    27    37    3.2    4.8    1.0    2.1    68    65    58    70
   10.520      264 00100011   0.0790  -0.0106  -0.0474  -0.0476    36    41    21    39    3.2    5.0   -1.2    2.6    66    67    34    63
   10.560      265 00100011   0.0599  -0.0334  -0.0472  -0.0432    36    28    20    34    3.2    1.7   -1.6    1.4    63    58    27    50
   10.600      266 00100011   0.0969  -0.0312  -0.0437  -0.0456    28    30    23    29    1.0    2.3   -0.4    0.0    28    42    33    57
   10.640      267 00100011   0.0862  -0.0264  -0.0565  -0.0511    31    30    27    30    1.9    2.3    1.0    0.3    70    57    63    43
   10.680      268 00100011   0.0766  -0.0401  -0.0604  -0.0530    25    31    31    34    0.0    2.6    2.2    1.4    48    60    55    71
   10.720      269 00100011   0.0617  -0.0292  -0.0505  -0.0539    29    37    23    36    1.3    4.1   -0.4    1.9    53    72    30    70
   10.760      270 00100011   0.0782  -0.0122  -0.0537  -0.0552    39    38    26    36    3.9    4.4    0.7    1.9    60    57    53    75
   10.800      271 00100011   0.0816  -0.0129  -0.0585  -0.0600    31    57    26    51    1.9    7.9    0.7    4.9    65    82    57    75
   10.840      272 00100011   0.0740  -0.0214  -0.0537  -0.0512    39    26    27    34    3.9    1.1    1.0    1.4    76    57    66    63
   10.880      273 00100011   0.0564  -0.0214  -0.0539  -0.0527    30    35    25    44    1.6    3.6    0.4    3.6    53    51    68    81
   10.920      274 00100011   0.0756  -0.0492  -0.0431  -0.0490    33    24    22    30    2.4    0.4   -0.8    0.3    41    46    42    52
   10.960      275 00100011   0.0776  -0.0532  -0.0522  -0.0448    28    35    24    34    1.0    3.6    0.0    1.4    49    66    41    63
   11.000      276 00100011   0.0644  -0.0362  -0.0545  -0.0500    41    49    44    56    4.3    6.6    5.3    5.7    76    86    81    84
   11.040      277 00100011   0.0768  -0.0371  -0.0585  -0.0568    49    70    51    63    5.8    9.7    6.5    6.7    81    85    88    83
   11.080      278 00100011   0.0894  -0.0033  -0.0641  -0.0718    34    42    21    30    2.7    5.2   -1.2    0.3    75    74    49    36
   11.120      279 00100011   0.0830  -0.0345  -0.0793  -0.0770    33    39    34    46    2.4    4.6    3.0    4.0    59    73    86    75
   11.160      280 00100011   0.0577  -0.0359  -0.0799  -0.0776    39    32    54    48    3.9    2.9    7.0    4.4    71    60    89    75
   11.200      281 00100011   0.0656   0.0046  -0.0620  -0.0564    29    31    29    36    1.3    2.6    1.6    1.9    56    25    45    46
   11.240      282 00100011   0.1063  -0.0672  -0.0450  -0.0583    27    32    26    35    0.7    2.9    0.7    1.6    19    59    27    37
   11.280      283 00100011   0.0629  -0.0321  -0.0930  -0.1059    36    57    23    40    3.2    7.9   -0.4    2.8    46    66    52    74
   11.320      284 00100011   0.0218  -0.1286  -0.1001  -0.1042    56    36    25    42    7.0    3.9    0.4    3.2    76    35    38    36
   11.360      285 00100011   0.0730   0.1462  -0.0925  -0.1058    33    24    23    29    2.4    0.4   -0.4    0.0    23     8    20    13
   11.400      286 00100011   0.0815   0.0394  -0.1182  -0.1104    30    37    21    36    1.6    4.1   -1.2    1.9    43    28    36    28
   11.440      287 00100011   0.0009  -0.0458  -0.1283  -0.1347    29    35    27    32    1.3    3.6    1.0    0.9    25     3    12    26
   11.480      288 00100011  -0.4632  -0.4305  -0.0126  -0.0465    30    23    26    31    1.6    0.0    0.7    0.6    45    30    19    14
   11.520      289 00100011   0.0981  -0.0442   0.0771   0.0820    34    34    26    32    2.7    3.4    0.7    0.9    69    45    43    26
   11.560      290 00100011   0.0876  -0.0424   0.0641   0.0614    38    35    24    38    3.6    3.6    0.0    2.3    44    60    52    69
   11.600      291 00100011   0.0936  -0.0612   0.0562   0.0599    37    38    28    56    3.4    4.4    1.3    5.7    53    65    59    73
   11.640      292 00100011   0.1067  -0.0951   0.0507   0.0682    22    26    25    34   -1.1    1.1    0.4    1.4    52    37    58    43
   11.680      293 00100011   0.3875  -0.1140   0.0040   0.0698    28    29    23    39    1.0    2.0   -0.4    2.6    42    47    38    61
   11.720      294 00100011   0.1110  -0.0947   0.0726   0.0867    30    28    29    37    1.6    1.7    1.6    2.1    35    20    53    60
   11.760      295 00100011  -0.2448   0.3820   0.0097  -0.0201    23    23    24    25   -0.7    0.0    0.0   -1.3    14    15    41    15
   11.800      296 00100011   0.1143  -0.0544  -0.1043  -0.1020    26    27    25    33    0.3    1.4    0.4    1.1    25    38    33    15
   11.840      297 00100011   0.1566  -0.0474  -0.0626  -0.0627    66    49    29    46    8.4    6.6    1.6    4.0    87    80    65    59
   11.880      298 00100011   0.1386  -0.0325  -0.0633  -0.0681    50    28    26    28    6.0    1.7    0.7   -0.3    89    51    44    28
   11.920      299 00100011   0.1312  -0.0577  -0.0519  -0.0655    26    29    20    27    0.3    2.0   -1.6   -0.6    25    60    37    37
   11.960      300 00100011   0.1127  -0.0555  -0.0560  -0.0641    27    26    24    30    0.7    1.1    0.0    0.3    39    47    45    35
   12.000      301 00100011   0.0967  -0.0540  -0.0591  -0.0584    28    21    24    45    1.0   -0.8    0.0    3.8    32    22    46    72
   12.040      302 00100011   0.0577  -0.0810  -0.0779  -0.0698    25    22    25    37    0.0   -0.4    0.4    2.1     7    33    38    60
   12.080      303 00100011   0.0793  -0.0719  -0.0723  -0.0801    25    29    25    35    0.0    2.0    0.4    1.6    57    27    49    47
   12.120      304 00100011   0.0561  -0.0846  -0.0861  -0.0689    28    29    24    22    1.0    2.0    0.0   -2.4    32    35    41    36
   12.160      305 00100011   0.0860  -0.0307  -0.0805  -0.0887    37    33    32    46    3.4    3.1    2.5    4.0     9    66    51    74
   12.200      306 00100011   0.0431  -0.0319  -0.0652  -0.0720    49    34    24    32    5.8    3.4    0.0    0.9    59    70    45    14
   12.240      307 00100011   0.1143  -0.0696  -0.0481  -0.0533    30    29    33    40    1.6    2.0    2.8    2.8    43    32    74    73
   12.280      308 00100011   0.1187  -0.1702  -0.0503  -0.0826    33    33    22    33    2.4    3.1   -0.8    1.1    30    28    47    45
   12.320      309 00100011   0.0424  -0.0585  -0.0833  -0.0787    30    27    29    29    1.6    1.4    1.6    0.0    29    32    56    30
   12.360      310 00100011   0.0860  -0.0555  -0.0795  -0.0807    28    23    21    32    1.0    0.0   -1.2    0.9    39    36    47    41
   12.400      311 00100011   0.0481   0.3995  -0.0862   0.0377    31    30    19    30    1.9    2.3   -2.0    0.3    43    31    10    29
   12.440      312 00100011   0.0483  -0.0456  -0.0877  -0.0886    27    28    24    39    0.7    1.7    0.0    2.6    28    21    31    67
   12.480      313 00100011   0.1159  -0.0793  -0.0752   0.1264    28    36    33    49    1.0    3.9    2.8    4.6    13    21    40    27
   12.520      314 00100011   0.4053  -0.0481   0.0447  -0.1104    25    33    24    37    0.0    3.1    0.0    2.1    17    21    17    25
   12.560      315 00100011  -0.2780  -0.3868  -0.0303  -0.0244    31    30    38    47    1.9    2.3    4.0    4.2    31    46    63    70
   12.600      316 00100011  -0.2962   0.0871  -0.0204   0.0995    30    34    51    45    1.6    3.4    6.5    3.8    25    53    79    71
   12.640      317 00100011  -0.3702   0.0320  -0.0294   0.0992    29    34    31    39    1.3    3.4    2.2    2.6    43    38    48    42
   12.680      318 00100011  -0.2399  -0.3632  -0.0406  -0.0284    30    35    24    40    1.6    3.6    0.0    2.8    44    43    14    39
   12.720      319 00100011   0.2652  -0.1130   0.0891   0.0385    30    26    24    33    1.6    1.1    0.0    1.1    26    19    17    19
   12.760      320 00100011   0.0713   0.0550   0.0107   0.0433    24    29    22    38   -0.4    2.0   -0.8    2.3    11    28    15    25
   12.800      321 00100011   0.0452   0.0049   0.0380   0.0486    45    51    28    50    5.1    6.9    1.3    4.7    32    20    19    47
   12.840      322 00100011   0.1897   0.0984   0.0147   0.0158    65    49    30    37    8.3    6.6    1.9    2.1    43    64    48    48
   12.880      323 00100011   0.1125   0.0917   0.0027   0.0091    43    53    51    73    4.7    7.3    6.5    8.0    52    35    80    69
   12.920      324 00100011   0.1466   0.1174   0.0454   0.0237    40    52    29    45    4.1    7.1    1.6    3.8    25    23    21    40
   12.960      325 00100011   0.0193   0.0588   0.0456   0.0150    68    36    22    32    8.7    3.9   -0.8    0.9    64    35    17    44
   13.000      326 00100011   0.0890   0.0606   0.0254   0.0197    34    37    26    38    2.7    4.1    0.7    2.3    37    57    30    37
   13.040      327 00100011   0.0332   0.0335   0.0405   0.0450    43    39    29    39    4.7    4.6    1.6    2.6    61    62    55    58
   13.080      328 00100011   0.1649  -0.1436   0.0953   0.0766    38    35    24    40    3.6    3.6    0.0    2.8    16    50    34    10
   13.120      329 00100011  -0.4088   0.0142  -0.0466   0.0863    28    28    39    49    1.0    1.7    4.2    4.6    35    44    57    33
   13.160      330 00100011  -0.4791   0.3846  -0.0224  -0.0297    29    29    43    47    1.3    2.0    5.1    4.2     4    20    84    58
   13.200      331 00100011  -0.3535  -0.0180   0.0095  -0.1198    30    48    46    54    1.6    6.4    5.7    5.4    50    60    87    72
   13.240      332 00100011   0.1492   0.0156  -0.0836  -0.0710    28    33    23    33    1.0    3.1   -0.4    1.1    26    44    44    27
   13.280      333 00100011   0.1283   0.0291  -0.0792  -0.0786    38    37    24    41    3.6    4.1    0.0    3.0    65    44    57    65
   13.320      334 00100011   0.0587  -0.0595  -0.0769  -0.0747    35    33    37    42    2.9    3.1    3.8    3.2    55    56    64    44
   13.360      335 00100011   0.1095  -0.0490  -0.0588  -0.0582    38    57    60    67    3.6    7.9    8.0    7.3    37    73    90    88
   13.400      336 00100011   0.1181  -0.0023  -0.0606  -0.0494    36    35    37    38    3.2    3.6    3.8    2.3    28    31    81    62
   13.440      337 00100011   0.0804  -0.0486  -0.0726  -0.0608    48    66    26    31    5.7    9.2    0.7    0.6    49    66    30    64
   13.480      338 00100011  -0.0059  -0.1951  -0.0960  -0.0905    35    43    24    28    2.9    5.4    0.0   -0.3    46    24    21     9
   13.520      339 00100011   0.0126  -0.1033  -0.0747  -0.0657    40    30    19    30    4.1    2.3   -2.0    0.3    72    69    36    40
   13.560      340 00100011   0.0423  -0.0488  -0.0702  -0.0660    25    30    39    46    0.0    2.3    4.2    4.0    32    37    78    80
   13.600      341 00100011   0.1112  -0.0341  -0.0670  -0.0672    40    37    36    54    4.1    4.1    3.5    5.4    70    55    64    69
   13.640      342 00100011   0.0646   0.3529  -0.0648   0.0273    29    58    31    35    1.3    8.0    2.2    1.6    16    45    34    33
   13.680      343 00100011   0.1467  -0.0387  -0.0419  -0.0553    33    51    31    34    2.4    6.9    2.2    1.4    40    34    43    66
   13.720      344 00100011  -0.2365   0.3716   0.0657   0.0198    44    29    31    31    4.9    2.0    2.2    0.6    38    38    53    30
   13.760      345 00100011  -0.4699  -0.0341   0.0054  -0.1214    39    42    31    41    3.9    5.2    2.2    3.0    67    75    56    69
   13.800      346 00100011  -0.4393   0.4624   0.0041   0.0081    60    54    50    70    7.6    7.4    6.4    7.7    80    83    81    87
   13.840      347 00100011   0.0907   0.0047  -0.1302  -0.1028    35    34    34    48    2.9    3.4    3.0    4.4    53    16    10    33
   13.880      348 00100011   0.0766   0.0102  -0.0450  -0.0595    35    32    26    43    2.9    2.9    0.7    3.4    48    58    53    44
   13.920      349 00100011   0.0586   0.0023  -0.0439  -0.0327    35    43    34    42    2.9    5.4    3.0    3.2    54    71    73    76
   13.960      350 00100011   0.0925  -0.0118  -0.0361  -0.0415    44    51    41    61    4.9    6.9    4.7    6.5    76    77    83    87
   14.000      351 00100011   0.0484  -0.0304  -0.0407  -0.0432    33    37    38    55    2.4    4.1    4.0    5.6    66    65    71    83
   14.040      352 00100011   0.0803  -0.0195  -0.0445  -0.0369    28    24    25    29    1.0    0.4    0.4    0.0    23    42    49    66
   14.080      353 00100011   0.0915  -0.0112  -0.0479  -0.0458    28    29    28    39    1.0    2.0    1.3    2.6    43    45    32    60
   14.120      354 00100011   0.1022   0.0013  -0.0538  -0.0520    31    36    27    29    1.9    3.9    1.0    0.0    52    70    58    31
   14.160      355 00100011   0.0977  -0.0135  -0.0513  -0.0521    47    51    29    32    5.5    6.9    1.6    0.9    78    81    60    39
   14.200      356 00100011   0.0856  -0.0189  -0.0477  -0.0469    34    36    56    48    2.7    3.9    7.4    4.4    65    54    91    87
   14.240      357 00100011   0.0932   0.0039  -0.0496  -0.0449    40    30    50    34    4.1    2.3    6.4    1.4    70    42    87    52
   14.280      358 00100011   0.1083   0.0062  -0.0467  -0.0525    40    51    74    70    4.1    6.9    9.8    7.7    79    72    92    85
   14.320      359 00100011   0.0948  -0.0041  -0.0513  -0.0518    48    45    54   109    5.7    5.8    7.0   11.5    84    81    91    96
   14.360      360 00100011   0.0756  -0.0100  -0.0510  -0.0527    45    41    34    60    5.1    5.0    3.0    6.3    74    84    60    86
   14.400      361 00100011   0.0983  -0.0153  -0.0502  -0.0488    33    31    45    63    2.4    2.6    5.5    6.7    56    47    75    88
   14.440      362 00100011   0.1125  -0.0112  -0.0461  -0.0420    33    40    29    41    2.4    4.8    1.6    3.0    55    77    64    79
   14.480      363 00100011   0.0928  -0.0292  -0.0486  -0.0444    42    35    26    35    4.5    3.6    0.7    1.6    75    52    47    60
   14.520      364 00100011   0.0738   0.0340  -0.0518  -0.0423    33    26    28    30    2.4    1.1    1.3    0.3    49    29    38    48
   14.560      365 00100011   0.0810  -0.0157  -0.0464  -0.0399    26    38    59    77    0.3    4.4    7.8    8.5    45    75    93    94
   14.600      366 00100011   0.1232   0.0023  -0.0428  -0.0417    32    50    25    42    2.1    6.7    0.4    3.2    68    83    68    69
   14.640      367 00100011   0.1087  -0.0139  -0.0448  -0.0438    49    81    47    78    5.8   10.9    5.8    8.6    83    95    88    92
   14.680      368 00100011   0.1093  -0.0177  -0.0474  -0.0458    77    83    44    54    9.8   11.1    5.3    5.4    91    91    76    83
   14.720      369 00100011   0.1111  -0.0084  -0.0403  -0.0382    69    98    80    67    8.8   12.6   10.5    7.3    89    96    96    89
   14.760      370 00100011   0.1061  -0.0042  -0.0414  -0.0431   114   101    54    49   13.2   12.9    7.0    4.6    96    93    88    84
   14.800      371 00100011   0.1181  -0.0171  -0.0524  -0.0494    60    39    31    51    7.6    4.6    2.2    4.9    81    71    61    85
   14.840      372 00100011   0.1159  -0.0021  -0.0507  -0.0480    28    30    21    44    1.0    2.3   -1.2    3.6    46    67    59    67
   14.880      373 00100011   0.1145  -0.0151  -0.0447  -0.0455    32    27    60    35    2.1    1.4    8.0    1.6    57    51    95    75
   14.920      374 00100011   0.1224  -0.0072  -0.0481  -0.0436    40    51    68    80    4.1    6.9    9.0    8.8    74    88    92    87
   14.960      375 00100011   0.1212  -0.0203  -0.0433  -0.0469    33    32    25    31    2.4    2.9    0.4    0.6    65    54    50    40
   15.000      376 00100011   0.1015   0.0041  -0.0487  -0.0491    29    24    22    39    1.3    0.4   -0.8    2.6    22    25    47    60
   15.040      377 00100011   0.1171  -0.0187  -0.0509  -0.0469    30    27    32    50    1.6    1.4    2.5    4.7    52    32    65    80
   15.080      378 00100011   0.1291  -0.0015  -0.0478  -0.0485    44    52    27    44    4.9    7.1    1.0    3.6    85    90    58    74
   15.120      379 00100011   0.1226  -0.0391  -0.0536  -0.0457    34    33    23    32    2.7    3.1   -0.4    0.9    51    51    36    26
   15.160      380 00100011   0.1283  -0.0062  -0.0499  -0.0467    38    62    53    49    3.6    8.6    6.9    4.6    83    86    89    72
   15.200      381 00100011   0.1107  -0.0003  -0.0523  -0.0492    41    43    33    36    4.3    5.4    2.8    1.9    70    85    71    70
   15.240      382 00100011   0.1253  -0.0102  -0.0478  -0.0555    50    45    30    44    6.0    5.8    1.9    3.6    87    81    77    76
   15.280      383 00100011   0.0993  -0.0187  -0.0520  -0.0545    48    55    27    55    5.7    7.6    1.0    5.6    82    83    36    64
   15.320      384 00100011   0.1181  -0.0102  -0.0533  -0.0526    42    59    44    38    4.5    8.2    5.3    2.3    70    92    85    73
   15.360      385 00100011   0.1001  -0.0163  -0.0518  -0.0504    36    57    40    56    3.2    7.9    4.4    5.7    71    79    79    85
   15.400      386 00100011   0.1304   0.0108  -0.0489  -0.0513    30    38    39    49    1.6    4.4    4.2    4.6    57    68    79    71
   15.440      387 00100011   0.1173  -0.0011  -0.0545  -0.0524    50    35    30    38    6.0    3.6    1.9    2.3    77    66    65    54
   15.480      388 00100011   0.1097  -0.0131  -0.0513  -0.0484    38    50    33    44    3.6    6.7    2.8    3.6    65    74    57    75
   15.520      389 00100011   0.1130   0.0031  -0.0502  -0.0511    38    33    22    34    3.6    3.1   -0.8    1.4    59    63    54    70
   15.560      390 00100011   0.1318  -0.0102  -0.0514  -0.0504    43    41    27    41    4.7    5.0    1.0    3.0    64    77    58    81
   15.600      391 00100011   0.1111   0.0039  -0.0497  -0.0510    41    43    31    36    4.3    5.4    2.2    1.9    70    82    70    52
   15.640      392 00100011   0.1116  -0.0210  -0.0520  -0.0485    26    31    26    37    0.3    2.6    0.7    2.1    24    55    74    65
   15.680      393 00100011   0.1192  -0.0262  -0.0564  -0.0511    34    31    28    72    2.7    2.6    1.3    7.9    43    58    70    90
   15.720      394 00100011   0.1023   0.0186  -0.0582  -0.0572    30    33    29    41    1.6    3.1    1.6    3.0    62    45    45    69
   15.760      395 00100011   0.1364  -0.0161  -0.0534  -0.0499    35    28    24    40    2.9    1.7    0.0    2.8    51    24    38    70
   15.800      396 00100011   0.0863  -0.0201  -0.0587  -0.0567    25    30    29    39    0.0    2.3    1.6    2.6    42    51    70    61
   15.840      397 00100011   0.0963  -0.0441  -0.0585  -0.0601    27    45    32    42    0.7    5.8    2.5    3.2    44    71    61    72
   15.880      398 00100011   0.1071  -0.0278  -0.0560  -0.0533    45    69    31    38    5.1    9.5    2.2    2.3    79    89    59    64
   15.920      399 00100011   0.1139  -0.0139  -0.0640  -0.0624    59    42    77    70    7.5    5.2   10.1    7.7    91    76    92    91
   15.960      400 00100011   0.1117  -0.0060  -0.0661  -0.0672    81    91   131   134   10.2   11.9   14.7   13.3    91    94    97    97
   16.000      401 00100011   0.1033   0.0146  -0.0679  -0.0652    91    76    56    88   11.2   10.4    7.4    9.6    91    75    88    88
   16.040      402 00100011   0.1198   0.0189  -0.0479  -0.0498    59    46    41    43    7.5    6.0    4.7    3.4    90    82    75    71
   16.080      403 00100011   0.1018  -0.0054  -0.0466  -0.0444    47    68    54    68    5.5    9.4    7.0    7.4    78    94    89    90
   16.120      404 00100011   0.1039   0.0005  -0.0476  -0.0386    58    66    40    59    7.3    9.2    4.4    6.2    86    89    78    82
   16.160      405 00100011   0.0981  -0.0042  -0.0485  -0.0479    46    67    67    81    5.3    9.3    8.9    8.9    80    85    87    90
   16.200      406 00100011   0.0815  -0.0222  -0.0422  -0.0431    79    36    60    57   10.0    3.9    8.0    5.9    89    68    92    82
   16.240      407 00100011   0.1009  -0.0052  -0.0419  -0.0410    37    42    44    54    3.4    5.2    5.3    5.4    55    69    87    83
   16.280      408 00100011   0.1039  -0.0064  -0.0444  -0.0445    72    76    79    87    9.2   10.4   10.3    9.5    91    93    95    91
   16.320      409 00100011   0.1035   0.0019  -0.0452  -0.0452   106    52    42    76   12.5    7.1    4.9    8.4    96    80    77    84
   16.360      410 00100011   0.0830  -0.0013  -0.0415  -0.0409    58    33    25    44    7.3    3.1    0.4    3.6    83    60    40    73
   16.400      411 00100011   0.0865  -0.0201  -0.0399  -0.0371    41    31    45    37    4.3    2.6    5.5    2.1    73    71    91    72
   16.440      412 00100011   0.1194   0.0023  -0.0323  -0.0355    37    62   121    94    3.4    8.6   14.1   10.2    63    93    97    96
   16.480      413 00100011   0.0975  -0.0048  -0.0350  -0.0337    85    81   131   104   10.6   10.9   14.7   11.1    93    94    96    94
   16.520      414 00100011   0.1003  -0.0029  -0.0313  -0.0315    89    74    97   106   11.0   10.2   12.1   11.3    96    94    95    94
   16.560      415 00100011   0.1134  -0.0068  -0.0345  -0.0323    78    49    47    64    9.9    6.6    5.8    6.9    91    86    89    77
   16.600      416 00100011   0.0871  -0.0312  -0.0320  -0.0315    47    44    22    41    5.5    5.6   -0.8    3.0    78    85    42    56
   16.640      417 00100011   0.0965  -0.0088  -0.0266  -0.0278    26    30    24    32    0.3    2.3    0.0    0.9    48    33    60    48
   16.680      418 00100011   0.1018  -0.0070  -0.0270  -0.0224    48    81    52    56    5.7   10.9    6.7    5.7    76    94    89    83
   16.720      419 00100011   0.0853  -0.0231  -0.0215  -0.0224    70    78    26    36    8.9   10.6    0.7    1.9    92    94    61    61
   16.760      420 00100011   0.1202  -0.0187  -0.0299  -0.0311    38    47    33    37    3.6    6.2    2.8    2.1    73    66    71    53
   16.800      421 00100011   0.0895  -0.0587  -0.0304  -0.0260    59    58    32    39    7.5    8.0    2.5    2.6    82    82    65    48
   16.840      422 00100011   0.0827  -0.0194  -0.0220  -0.0220    48    55    36    49    5.7    7.6    3.5    4.6    67    81    74    76
   16.880      423 00100011   0.0975  -0.0131  -0.0182  -0.0202    53    65    46    56    6.5    9.0    5.7    5.7    84    80    84    85
   16.920      424 00100011   0.0999  -0.0545  -0.0181  -0.0328    48    37    33    54    5.7    4.1    2.8    5.4    65    63    70    71
   16.960      425 00100011   0.0626  -0.0318  -0.0291  -0.0236    30    28    26    42    1.6    1.7    0.7    3.2    54    50    67    66
   17.000      426 00100011   0.0821  -0.0263  -0.0205  -0.0148    28    46    24    39    1.0    6.0    0.0    2.6    59    78    52    67
   17.040      427 00100011   0.1091  -0.0269  -0.0212  -0.0273    32    39    36    58    2.1    4.6    3.5    6.0    48    72    77    93
   17.080      428 00100011   0.0771  -0.0464  -0.0217  -0.0289    31    36    25    41    1.9    3.9    0.4    3.0    55    60    77    57
   17.120      429 00100011   0.1152  -0.0233  -0.0221  -0.0181    28    34    25    46    1.0    3.4    0.4    4.0    46    51    57    49
   17.160      430 00100011   0.1194  -0.0104  -0.0289  -0.0271    39    46    66    56    3.9    6.0    8.8    5.7    81    88    92    85
   17.200      431 00100011   0.1148  -0.0100  -0.0289  -0.0294    86    79    46    70   10.7   10.7    5.7    7.7    92    94    85    88
   17.240      432 00100011   0.0963  -0.0133  -0.0291  -0.0280    45    32    26    33    5.1    2.9    0.7    1.1    85    73    50    51
   17.280      433 00100011   0.1390  -0.0027  -0.0378  -0.0376    41    24    20    33    4.3    0.4   -1.6    1.1    71    57    41    51
   17.320      434 00100011   0.1032  -0.0129  -0.0298  -0.0305    36    34    26    35    3.2    3.4    0.7    1.6    48    73    55    54
   17.360      435 00100011   0.1153   0.0110  -0.0390  -0.0343    21    28    25    34   -1.5    1.7    0.4    1.4    14    33    61    72
   17.400      436 00100011   0.0975  -0.0326  -0.0413  -0.0334    42    44    28    37    4.5    5.6    1.3    2.1    63    70    45    65
   17.440      437 00100011   0.1034  -0.0401  -0.0309  -0.0407    30    27    32    51    1.6    1.4    2.5    4.9    32    44    76    81
   17.480      438 00100011   0.0705  -0.0217  -0.0258  -0.0297    28    32    28    43    1.0    2.9    1.3    3.4    45    72    56    73
   17.520      439 00100011   0.0899  -0.0070  -0.0260  -0.0223    32    48    23    36    2.1    6.4   -0.4    1.9    57    80    60    68
   17.560      440 00100011   0.0835   0.0042  -0.0192  -0.0187    30    54    23    41    1.6    7.4   -0.4    3.0    40    83    40    62
   17.600      441 00100011   0.0560   0.0033  -0.0257  -0.0227    30    31    29    41    1.6    2.6    1.6    3.0    39    44    69    50
   17.640      442 00100011   0.0693  -0.0009  -0.0223  -0.0200    37    58    44    45    3.4    8.0    5.3    3.8    52    84    88    77
   17.680      443 00100011   0.0441  -0.0261  -0.0137  -0.0121    53    38    25    33    6.5    4.4    0.4    1.1    72    72    12    40
   17.720      444 00100011   0.0853  -0.0102  -0.0284  -0.0211    34    33    31    41    2.7    3.1    2.2    3.0    71    56    52    54
   17.760      445 00100011   0.0526  -0.0231  -0.0250  -0.0169    35    43    27    46    2.9    5.4    1.0    4.0    63    66    50    52
   17.800      446 00100011   0.0879   0.0127  -0.0187  -0.0220    50    56    27    37    6.0    7.7    1.0    2.1    70    75    26    28
   17.840      447 00100011   0.1152  -0.0066  -0.0164  -0.0193    48    47    61    48    5.7    6.2    8.1    4.4    57    60    88    72
   17.880      448 00100011   0.1022   0.0169  -0.0184  -0.0208   100   108    39    51   12.0   13.4    4.2    4.9    80    89    75    79
   17.920      449 00100011   0.0837   0.0070  -0.0250  -0.0215    63    42    31    46    8.0    5.2    2.2    4.0    64    57    67    75
   17.960      450 00100011   0.0705  -0.0176  -0.0209  -0.0214    55    37    25    63    6.8    4.1    0.4    6.7    78    49    43    81
   18.000      451 00100011   0.1188   0.0129  -0.0364  -0.0335    29    29    20    27    1.3    2.0   -1.6   -0.6    40    39    26    44
   18.040      452 00100011   0.2811   0.0260   0.0410  -0.0255    24    26    24    35   -0.4    1.1    0.0    1.6     3    45    28    42
   18.080      453 00100011   0.0813   0.0100  -0.0173  -0.0213    27    30    30    46    0.7    2.3    1.9    4.0    27    73    44    72
   18.120      454 00100011   0.0869   0.0163  -0.0203  -0.0212    32    37    21    27    2.1    4.1   -1.2   -0.6    39    69    56    57
   18.160      455 00100011   0.0867   0.0044  -0.0200  -0.0229    30    32    31    46    1.6    2.9    2.2    4.0    37    60    74    76
   18.200      456 00100011   0.0756  -0.0023  -0.0201  -0.0195    36    32    33    40    3.2    2.9    2.8    2.8    61    61    82    66
   18.240      457 00100011   0.0711   0.0017  -0.0199  -0.0215    42    39    31    53    4.5    4.6    2.2    5.2    70    72    82    77
   18.280      458 00100011   0.0684  -0.0074  -0.0207  -0.0211    43    38    27    41    4.7    4.4    1.0    3.0    55    73    60    45
   18.320      459 00100011   0.0564  -0.0176  -0.0107  -0.0103    36    37    24    36    3.2    4.1    0.0    1.9    68    72    51    78
   18.360      460 00100011   0.0761   0.0094  -0.0065  -0.0094    32    50    27    46    2.1    6.7    1.0    4.0    36    89    69    72
