    7.600      191 00100011   0.0006  -0.0174  -0.0045  -0.0031    29    39    35    36    1.3    4.6    3.3    1.9    39    80    74    70
    7.640      192 00100011   0.0105  -0.0095  -0.0024  -0.0036    27    43    48    48    0.7    5.4    6.0    4.4    33    77    84    74
    7.680      193 00100011   0.0137   0.0023   0.0027  -0.0035    29    45    56    60    1.3    5.8    7.4    6.3    61    87    90    85
    7.720      194 00100011   0.0153  -0.0005   0.0019  -0.0020    34    49    59    50    2.7    6.6    7.8    4.7    67    87    92    83
    7.760      195 00100011  -0.0004  -0.0061  -0.0030  -0.0030    39    38    49    43    3.9    4.4    6.2    3.4    77    74    91    84
    7.800      196 00100011   0.0024  -0.0087  -0.0036  -0.0011    45    43    44    39    5.1    5.4    5.3    2.6    86    76    88    70
    7.840      197 00100011   0.0008  -0.0030  -0.0017  -0.0016    58    48    51    51    7.3    6.4    6.5    4.9    91    88    90    85
    7.880      198 00100011  -0.0058   0.0118  -0.0024  -0.0042    51    52    42    42    6.2    7.1    4.9    3.2    91    89    88    73
    7.920      199 00100011  -0.0017   0.0039  -0.0040  -0.0042    67    55    38    46    8.6    7.6    4.0    4.0    90    90    83    74
    7.960      200 00100011   0.0032  -0.0011  -0.0042  -0.0032    56    39    44    42    7.0    4.6    5.3    3.2    89    75    78    41
    8.000      201 00100011  -0.0086   0.0009  -0.0022  -0.0027    66    45    32    50    8.4    5.8    2.5    4.7    91    76    72    72
    8.040      202 00100011   0.0030  -0.0073  -0.0042  -0.0015    60    37    43    43    7.6    4.1    5.1    3.4    90    73    88    70
    8.080      203 00100011   0.0006   0.0064  -0.0032  -0.0026    55    43    44    40    6.8    5.4    5.3    2.8    90    83    87    78
    8.120      204 00100011   0.0091  -0.0053  -0.0030  -0.0044    51    49    44    49    6.2    6.6    5.3    4.6    85    88    86    86
    8.160      205 00100011   0.0032   0.0048  -0.0053  -0.0023    43    36    38    65    4.7    3.9    4.0    7.0    78    82    82    91
    8.200      206 00100011   0.0135  -0.0117  -0.0080  -0.0024    40    46    28    70    4.1    6.0    1.3    7.7    74    73    51    93
    8.240      207 00100011  -0.0070   0.0015  -0.0009  -0.0002    32    40    28    79    2.1    4.8    1.3    8.7    69    85    73    93
    8.280      208 00100011  -0.0019  -0.0009  -0.0038  -0.0028    37    39    33    60    3.4    4.6    2.8    6.3    63    79    79    88
    8.320      209 00100011   0.0145   0.0037  -0.0042  -0.0025    34    37    33    50    2.7    4.1    2.8    4.7    67    70    78    79
    8.360      210 00100011   0.0065   0.0102  -0.0013  -0.0034    32    35    29    48    2.1    3.6    1.6    4.4    46    73    58    77
    8.400      211 00100011  -0.0013   0.0001  -0.0049  -0.0017    40    37    25    48    4.1    4.1    0.4    4.4    73    76    39    75
    8.440      212 00100011  -0.0042  -0.0111  -0.0026  -0.0030    47    37    23    40    5.5    4.1   -0.4    2.8    72    78    57    71
    8.480      213 00100011  -0.0154  -0.0053   0.0041  -0.0046    45    46    26    43    5.1    6.0    0.7    3.4    75    82    40    73
    8.520      214 00100011  -0.0050  -0.0170  -0.0020   0.0000    48    51    27    42    5.7    6.9    1.0    3.2    82    89    39    64
    8.560      215 00100011  -0.0178  -0.0030   0.0013  -0.0013    50    42    24    45    6.0    5.2    0.0    3.8    87    79    40    69
    8.600      216 00100011   0.0081   0.0149  -0.0041  -0.0056    48    38    20    54    5.7    4.4   -1.6    5.4    76    71    31    70
    8.640      217 00100011   0.0122  -0.0008  -0.0060  -0.0009    52    36    21    51    6.4    3.9   -1.2    4.9    82    66    43    73
    8.680      218 00100011   0.0778  -0.0061  -0.0204  -0.0050    47    31    23    53    5.5    2.6   -0.4    5.2    80    62     7    73
    8.720      219 00100011   0.0616   0.0023  -0.0138  -0.0018    40    29    23    37    4.1    2.0   -0.4    2.1    73    50    30    75
    8.760      220 00100011   0.0163  -0.0003  -0.0115  -0.0030    43    24    24    42    4.7    0.4    0.0    3.2    77    34    52    71
    8.800      221 00100011   0.0618  -0.0067  -0.0180  -0.0007    40    30    22    41    4.1    2.3   -0.8    3.0    66    44    29    59
    8.840      222 00100011   0.0083   0.0171  -0.0022  -0.0081    36    27    22    45    3.2    1.4   -0.8    3.8    52    34    62    59
    8.880      223 00100011   0.0008  -0.0144  -0.0050  -0.0015    33    31    23    41    2.4    2.6   -0.4    3.0    53    57    64    72
    8.920      224 00100011  -0.0184   0.0116  -0.0028  -0.0057    34    28    25    41    2.7    1.7    0.4    3.0    59    60    61    75
    8.960      225 00100011  -0.0125  -0.0005  -0.0042  -0.0044    29    34    26    37    1.3    3.4    0.7    2.1    63    57    45    56
    9.000      226 00100011  -0.0150  -0.0093  -0.0049  -0.0042    28    31    29    36    1.0    2.6    1.6    1.9    44    65    70    70
    9.040      227 00100011  -0.0184   0.0151  -0.0066  -0.0010    27    35    30    31    0.7    3.6    1.9    0.6    35    63    68    38
    9.080      228 00100011  -0.0092  -0.0030  -0.0054  -0.0039    31    31    26    30    1.9    2.6    0.7    0.3    47    64    75    54
    9.120      229 00100011  -0.0068   0.0011  -0.0072   0.0012    28    38    27    36    1.0    4.4    1.0    1.9    22    73    72    68
    9.160      230 00100011   0.0263   0.0058   0.0022  -0.0065    28    39    36    38    1.0    4.6    3.5    2.3    10    79    80    66
    9.200      231 00100011  -0.0260   0.0037  -0.0081  -0.0059    25    39    41    39    0.0    4.6    4.7    2.6    50    80    74    74
    9.240      232 00100011   0.0125   0.0084  -0.0033  -0.0045    29    36    42    39    1.3    3.9    4.9    2.6    28    67    88    73
    9.280      233 00100011  -0.0060   0.0052  -0.0050  -0.0030    30    40    48    44    1.6    4.8    6.0    3.6    46    71    85    68
    9.320      234 00100011   0.0026   0.0114  -0.0026  -0.0040    29    40    43    52    1.3    4.8    5.1    5.1    30    75    88    83
    9.360      235 00100011  -0.0142   0.0013  -0.0080  -0.0018    29    52    48    48    1.3    7.1    6.0    4.4    62    89    93    83
    9.400      236 00100011  -0.0046  -0.0049  -0.0057  -0.0037    28    44    52    56    1.0    5.6    6.7    5.7    43    87    91    91
    9.440      237 00100011  -0.0041   0.0009  -0.0047  -0.0039    31    47    49    60    1.9    6.2    6.2    6.3    25    83    92    90
    9.480      238 00100011   0.0167  -0.0083  -0.0021  -0.0050    25    36    41    61    0.0    3.9    4.7    6.5    20    81    87    89
    9.520      239 00100011   0.0012  -0.0067  -0.0052  -0.0028    27    40    41    53    0.7    4.8    4.7    5.2    49    82    91    88
    9.560      240 00100011  -0.0231   0.0042  -0.0091  -0.0015    25    42    34    51    0.0    5.2    3.0    4.9    46    84    73    89
    9.600      241 00100011   0.0028  -0.0077  -0.0041  -0.0020    28    35    33    45    1.0    3.6    2.8    3.8    46    70    85    86
    9.640      242 00100011   0.0065   0.0031  -0.0038  -0.0040    32    39    31    41    2.1    4.6    2.2    3.0    51    78    57    83
    9.680      243 00100011  -0.0021   0.0050  -0.0072  -0.0031    30    34    35    46    1.6    3.4    3.3    4.0    37    59    69    71
    9.720      244 00100011  -0.0021   0.0157  -0.0088  -0.0064    24    36    32    38   -0.4    3.9    2.5    2.3    35    73    52    55
    9.760      245 00100011  -0.0021  -0.0089   0.0005  -0.0025    31    30    26    42    1.9    2.3    0.7    3.2    47    66    56    70
    9.800      246 00100011   0.0053   0.0044  -0.0037  -0.0042    31    30    28    33    1.9    2.3    1.3    1.1    59    61    44    54
    9.840      247 00100011   0.0447   0.0076  -0.0071   0.0007    34    30    22    41    2.7    2.3   -0.8    3.0    52    45    35    64
    9.880      248 00100011   0.0045  -0.0243  -0.0026  -0.0015    32    31    27    31    2.1    2.6    1.0    0.6    50    71    63    50
    9.920      249 00100011  -0.0138  -0.0020   0.0015   0.0015    34    35    21    31    2.7    3.6   -1.2    0.6    59    60    59    46
    9.960      250 00100011  -0.0082   0.0141  -0.0028   0.0009    27    32    25    39    0.7    2.9    0.4    2.6    45    54    52    45
   10.000      251 00100011   0.0081   0.0002  -0.0044   0.0008    27    31    27    44    0.7    2.6    1.0    3.6    46    55    39    53
   10.040      252 00100011   0.0314  -0.0346  -0.0049   0.0022    26    33    30    27    0.3    3.1    1.9   -0.6    12    59    72    56
   10.080      253 00100011   0.0333   0.0090  -0.0023  -0.0005    28    29    24    40    1.0    2.0    0.0    2.8    21    42    45    59
   10.120      254 00100011  -0.0146  -0.0012  -0.0007  -0.0015    28    29    26    40    1.0    2.0    0.7    2.8    50    53    29    60
   10.160      255 00100011  -0.0477   0.0094   0.0103  -0.0010    26    25    20    44    0.3    0.7   -1.6    3.6    48    56    34    81
   10.200      256 00100011   0.0093   0.0025  -0.0013  -0.0024    29    38    23    39    1.3    4.4   -0.4    2.6    54    75    49    71
   10.240      257 00100011   0.0024  -0.0099  -0.0003  -0.0047    33    29    25    47    2.4    2.0    0.4    4.2    57    45    63    73
   10.280      258 00100011   0.0092  -0.0005  -0.0128  -0.0020    27    32    24    31    0.7    2.9    0.0    0.6    35    60    50    45
   10.320      259 00100011   0.0404  -0.0128  -0.0031   0.0023    28    31    26    26    1.0    2.6    0.7   -0.9    37    59    59    22
   10.360      260 00100011  -0.0146   0.0019  -0.0186  -0.0080    24    24    25    33   -0.4    0.4    0.4    1.1    15    24    51    67
   10.400      261 00100011  -0.0152  -0.0215   0.0042  -0.0081    28    30    25    36    1.0    2.3    0.4    1.9    57    35    35    63
   10.440      262 00100011   0.0047  -0.0091   0.0003   0.0009    27    34    28    30    0.7    3.4    1.3    0.3    68    71    49    41
   10.480      263 00100011  -0.0070  -0.0109  -0.0003  -0.0023    29    27    27    34    1.3    1.4    1.0    1.4    51    63    68    64
   10.520      264 00100011  -0.0025  -0.0128  -0.0035   0.0021    30    41    30    32    1.6    5.0    1.9    0.9    62    78    74    55
   10.560      265 00100011  -0.0215   0.0094  -0.0021  -0.0026    31    32    22    36    1.9    2.9   -0.8    1.9    42    65    33    63
   10.600      266 00100011   0.0067  -0.0130  -0.0084   0.0001    25    32    26    32    0.0    2.9    0.7    0.9    45    71    62    27
   10.640      267 00100011  -0.0150  -0.0294  -0.0033   0.0069    35    36    21    27    2.9    3.9   -1.2   -0.6    61    71    55    39
   10.680      268 00100011  -0.0219  -0.0379  -0.0020   0.0118    28    35    19    27    1.0    3.6   -2.0   -0.6    44    73    31    29
   10.720      269 00100011   0.0067  -0.0200  -0.0015   0.0046    35    41    26    35    2.9    5.0    0.7    1.6    69    81    56    57
   10.760      270 00100011   0.0363   0.0015  -0.0137  -0.0029    31    40    24    32    1.9    4.8    0.0    0.9    51    75    31    50
   10.800      271 00100011   0.0185   0.0129  -0.0063  -0.0045    31    36    19    39    1.9    3.9   -2.0    2.6    55    68    33    45
   10.840      272 00100011  -0.0338   0.0118   0.0050  -0.0075    31    35    23    29    1.9    3.6   -0.4    0.0    38    65    26    42
   10.880      273 00100011   0.0109  -0.0075   0.0004  -0.0053    29    28    19    31    1.3    1.7   -2.0    0.6    58    63    25    43
   10.920      274 00100011  -0.0293   0.0266   0.0048   0.0015    33    26    22    37    2.4    1.1   -0.8    2.1    62    38    43    45
   10.960      275 00100011   0.0045  -0.0045  -0.0052   0.0019    29    32    25    34    1.3    2.9    0.4    1.4    59    61    55    58
   11.000      276 00100011  -0.0066  -0.0138  -0.0061   0.0008    26    31    24    40    0.3    2.6    0.0    2.8    47    65    47    67
   11.040      277 00100011   0.0000  -0.0217  -0.0036   0.0013    29    31    21    34    1.3    2.6   -1.2    1.4    67    50    44    76
   11.080      278 00100011  -0.0413   0.0187   0.0125   0.0004    26    25    25    29    0.3    0.7    0.4    0.0    53    43    22    40
   11.120      279 00100011   0.0468  -0.0042  -0.0090  -0.0091    24    28    24    34   -0.4    1.7    0.0    1.4    30    43    38    42
   11.160      280 00100011   0.0283   0.0141  -0.0082  -0.0065    30    35    29    33    1.6    3.6    1.6    1.1    48    61    42    28
   11.200      281 00100011   0.0073   0.0094   0.0034   0.0038    28    29    21    32    1.0    2.0   -1.2    0.9    38    52    54    60
   11.240      282 00100011   0.0087  -0.0001  -0.0023  -0.0057    25    31    27    33    0.0    2.6    1.0    1.1    37    68    10    42
   11.280      283 00100011   0.0231   0.0120  -0.0111  -0.0009    25    30    27    38    0.0    2.3    1.0    2.3    18    58    34    32
   11.320      284 00100011  -0.0005  -0.0172   0.0011   0.0036    35    33    25    34    2.9    3.1    0.4    1.4    67    66    38    61
   11.360      285 00100011  -0.0019  -0.0043  -0.0067  -0.0017    29    34    28    35    1.3    3.4    1.3    1.6    51    69    38    57
   11.400      286 00100011  -0.0029   0.0086   0.0008  -0.0019    30    31    23    35    1.6    2.6   -0.4    1.6    55    56    40    37
   11.440      287 00100011   0.0099  -0.0241   0.0063  -0.0005    31    31    25    31    1.9    2.6    0.4    0.6    48    71    60    45
   11.480      288 00100011  -0.0005  -0.0251  -0.0002   0.0098    34    29    22    28    2.7    2.0   -0.8   -0.3    70    61    46    44
   11.520      289 00100011   0.0281  -0.0202  -0.0015   0.0037    28    31    28    36    1.0    2.6    1.3    1.9    58    75    48    36
   11.560      290 00100011  -0.0142   0.0092   0.0013  -0.0008    31    36    27    34    1.9    3.9    1.0    1.4    51    53    40    38
   11.600      291 00100011  -0.0134  -0.0200   0.0042  -0.0005    27    34    24    34    0.7    3.4    0.0    1.4    49    63    71    55
   11.640      292 00100011   0.0203   0.0013  -0.0109  -0.0044    30    24    20    34    1.6    0.4   -1.6    1.4    48    56    54    63
   11.680      293 00100011  -0.0104   0.0191  -0.0008  -0.0078    35    25    24    35    2.9    0.7    0.0    1.6    71    36    27    28
   11.720      294 00100011  -0.0074   0.0438   0.0006  -0.0055    31    34    27    36    1.9    3.4    1.0    1.9    71    48    58    48
   11.760      295 00100011  -0.0072  -0.0063  -0.0006  -0.0048    33    29    28    38    2.4    2.0    1.3    2.3    70    56    56    37
   11.800      296 00100011  -0.0048   0.0108  -0.0034   0.0011    31    29    30    34    1.9    2.0    1.9    1.4    49    40    44    39
   11.840      297 00100011   0.0125  -0.0123  -0.0042  -0.0021    23    24    35    32   -0.7    0.4    3.3    0.9    26    56    82    44
   11.880      298 00100011  -0.0182   0.0398  -0.0081  -0.0020    31    28    40    35    1.9    1.7    4.4    1.6    63    49    75    55
   11.920      299 00100011   0.0022  -0.0032  -0.0028   0.0049    27    24    39    32    0.7    0.4    4.2    0.9    64    58    76    41
   11.960      300 00100011  -0.0062   0.0240  -0.0029  -0.0002    28    29    34    31    1.0    2.0    3.0    0.6    31    34    74    49
   12.000      301 00100011   0.0075  -0.0075   0.0003  -0.0015    29    42    35    37    1.3    5.2    3.3    2.1    48    74    82    74
   12.040      302 00100011  -0.0070   0.0025  -0.0054  -0.0031    30    37    34    55    1.6    4.1    3.0    5.6    65    81    83    80
   12.080      303 00100011   0.0187   0.0017  -0.0015  -0.0025    36    32    31    57    3.2    2.9    2.2    5.9    73    64    65    83
   12.120      304 00100011   0.0169   0.0062  -0.0020  -0.0029    31    33    29    54    1.9    3.1    1.6    5.4    57    62    68    83
   12.160      305 00100011  -0.0064  -0.0032  -0.0014  -0.0001    44    44    28    44    4.9    5.6    1.3    3.6    83    78    65    87
   12.200      306 00100011   0.0005  -0.0174   0.0043  -0.0141    27    30    26    41    0.7    2.3    0.7    3.0    51    52    50    49
   12.240      307 00100011   0.0133   0.0062  -0.0056  -0.0018    41    32    26    41    4.3    2.9    0.7    3.0    68    58    63    59
   12.280      308 00100011  -0.0023  -0.0027  -0.0056  -0.0053    34    29    24    41    2.7    2.0    0.0    3.0    58    70    59    73
   12.320      309 00100011   0.0034   0.0060  -0.0061  -0.0013    41    28    26    38    4.3    1.7    0.7    2.3    71    53    59    64
   12.360      310 00100011  -0.0006  -0.0061  -0.0068  -0.0008    41    27    30    40    4.3    1.4    1.9    2.8    72    51    56    60
   12.400      311 00100011  -0.0046  -0.0245  -0.0059  -0.0073    34    29    27    32    2.7    2.0    1.0    0.9    60    63    40    54
   12.440      312 00100011   0.0042  -0.0032  -0.0060  -0.0024    34    30    27    37    2.7    2.3    1.0    2.1    65    40    58    52
   12.480      313 00100011   0.0002   0.0009  -0.0051  -0.0034    45    38    32    53    5.1    4.4    2.5    5.2    78    67    62    87
   12.520      314 00100011   0.0022  -0.0042  -0.0070  -0.0037    42    38    28    50    4.5    4.4    1.3    4.7    78    73    60    80
   12.560      315 00100011  -0.0041   0.0135  -0.0090  -0.0049    36    33    31    36    3.2    3.1    2.2    1.9    47    66    61    67
   12.600      316 00100011   0.0065   0.0023  -0.0133  -0.0011    33    31    28    46    2.4    2.6    1.3    4.0    49    63    56    81
   12.640      317 00100011  -0.0064   0.0181  -0.0065  -0.0004    36    27    28    44    3.2    1.4    1.3    3.6    58    37    64    60
   12.680      318 00100011   0.0120  -0.0101  -0.0025  -0.0044    34    26    31    41    2.7    1.1    2.2    3.0    59    39    64    61
   12.720      319 00100011   0.0106  -0.0154  -0.0070  -0.0069    33    28    34    50    2.4    1.7    3.0    4.7    59    49    80    76
   12.760      320 00100011   0.0008   0.0007  -0.0073  -0.0060    34    24    31    48    2.7    0.4    2.2    4.4    59    22    60    83
   12.800      321 00100011  -0.0102  -0.0013  -0.0093  -0.0033    35    24    36    53    2.9    0.4    3.5    5.2    39    39    82    71
   12.840      322 00100011  -0.0056  -0.0170  -0.0057  -0.0095    33    25    29    50    2.4    0.7    1.6    4.7    55    46    63    66
   12.880      323 00100011   0.0038  -0.0101  -0.0040  -0.0049    46    35    25    50    5.3    3.6    0.4    4.7    76    66    41    69
   12.920      324 00100011  -0.0121  -0.0077  -0.0042  -0.0034    31    42    27    42    1.9    5.2    1.0    3.2    52    70    65    78
   12.960      325 00100011  -0.0021  -0.0003  -0.0071  -0.0075    45    35    28    35    5.1    3.6    1.3    1.6    78    73    72    71
   13.000      326 00100011  -0.0062   0.0007  -0.0042  -0.0095    34    47    23    45    2.7    6.2   -0.4    3.8    65    78    60    81
   13.040      327 00100011   0.0059  -0.0013  -0.0046  -0.0053    32    49    25    54    2.1    6.6    0.4    5.4    66    88    60    86
   13.080      328 00100011   0.0036  -0.0025  -0.0038  -0.0051    42    39    21    44    4.5    4.6   -1.2    3.6    82    86    34    84
   13.120      329 00100011   0.0108   0.0106  -0.0173  -0.0064    47    38    26    38    5.5    4.4    0.7    2.3    66    72    54    44
   13.160      330 00100011   0.0063  -0.0043  -0.0071  -0.0049    28    39    30    50    1.0    4.6    1.9    4.7    50    75    66    81
   13.200      331 00100011   0.0203  -0.0029  -0.0067  -0.0060    35    53    41    58    2.9    7.3    4.7    6.0    56    85    80    89
   13.240      332 00100011   0.0122   0.0110  -0.0042  -0.0048    31    37    33    40    1.9    4.1    2.8    2.8    61    82    72    71
   13.280      333 00100011   0.0213  -0.0023  -0.0071  -0.0052    32    40    33    33    2.1    4.8    2.8    1.1    54    70    83    62
   13.320      334 00100011   0.0159  -0.0003  -0.0046  -0.0090    36    40    28    32    3.2    4.8    1.3    0.9    54    75    53    61
   13.360      335 00100011   0.0179  -0.0130  -0.0058   0.0017    31    32    37    41    1.9    2.9    3.8    3.0    63    58    76    58
   13.400      336 00100011   0.0169  -0.0071  -0.0079  -0.0099    37    38    37    40    3.4    4.4    3.8    2.8    71    73    82    56
   13.440      337 00100011   0.0169  -0.0085  -0.0049  -0.0068    29    42    44    48    1.3    5.2    5.3    4.4    49    72    86    74
   13.480      338 00100011  -0.0008  -0.0001  -0.0104  -0.0068    36    31    41    58    3.2    2.6    4.7    6.0    71    73    83    90
   13.520      339 00100011  -0.0006  -0.0073  -0.0106  -0.0104    30    32    35    74    1.6    2.9    3.3    8.1    54    73    86    91
   13.560      340 00100011  -0.0041  -0.0093  -0.0107  -0.0097    31    35    31    71    1.9    3.6    2.2    7.8    35    70    78    91
   13.600      341 00100011   0.0133  -0.0123  -0.0104  -0.0137    28    26    25    59    1.0    1.1    0.4    6.2    48    53    55    86
   13.640      342 00100011   0.0093   0.0084  -0.0086  -0.0101    41    30    44    57    4.3    2.3    5.3    5.9    67    55    63    82
   13.680      343 00100011   0.0139  -0.0073  -0.0053  -0.0071    43    30    38    46    4.7    2.3    4.0    4.0    73    67    66    82
   13.720      344 00100011   0.0167   0.0021  -0.0083  -0.0079    31    39    28    48    1.9    4.6    1.3    4.4    69    78    72    68
   13.760      345 00100011   0.0213  -0.0019  -0.0160  -0.0069    36    40    31    49    3.2    4.8    2.2    4.6    70    76    52    77
   13.800      346 00100011   0.0118  -0.0019  -0.0130  -0.0107    28    37    31    51    1.0    4.1    2.2    4.9    59    75    40    72
   13.840      347 00100011   0.0104   0.0033  -0.0090  -0.0116    35    51    21    43    2.9    6.9   -1.2    3.4    56    83    52    72
   13.880      348 00100011   0.0357  -0.0031  -0.0181  -0.0116    26    35    24    47    0.3    3.6    0.0    4.2    48    59    33    83
   13.920      349 00100011   0.0177   0.0076  -0.0128  -0.0121    36    42    32    43    3.2    5.2    2.5    3.4    71    82    48    80
   13.960      350 00100011   0.0143   0.0025  -0.0107  -0.0118    46    46    22    43    5.3    6.0   -0.8    3.4    72    84    42    65
   14.000      351 00100011   0.0169  -0.0079  -0.0118  -0.0103    37    38    23    53    3.4    4.4   -0.4    5.2    66    69    16    79
   14.040      352 00100011   0.0287  -0.0037  -0.0080  -0.0124    27    38    30    40    0.7    4.4    1.9    2.8    37    73    70    84
   14.080      353 00100011   0.0349   0.0088  -0.0065  -0.0134    29    32    31    29    1.3    2.9    2.2    0.0    48    69    74    66
   14.120      354 00100011  -0.0016  -0.0037  -0.0108  -0.0089    24    33    25    33   -0.4    3.1    0.4    1.1    43    54    62    66
   14.160      355 00100011   0.0421   0.0017  -0.0177  -0.0077    27    26    22    33    0.7    1.1   -0.8    1.1    36    52    20    53
   14.200      356 00100011   0.0006   0.2662  -0.0143  -0.0849    26    29    25    27    0.3    2.0    0.4   -0.6    39    61    68     2
   14.240      357 00100011   0.0094   0.0042  -0.0144  -0.0117    31    31    30    28    1.9    2.6    1.9   -0.3    53    42    51    52
   14.280      358 00100011  -0.0048   0.0131  -0.0141  -0.0097    29    29    27    30    1.3    2.0    1.0    0.3    46    49    78    10
   14.320      359 00100011  -0.0002  -0.0113  -0.0123  -0.0141    31    32    33    33    1.9    2.9    2.8    1.1    57    73    82    66
   14.360      360 00100011   0.0179  -0.0279  -0.0115  -0.0064    27    44    35    34    0.7    5.6    3.3    1.4    39    82    82    56
   14.400      361 00100011   0.0088  -0.0083  -0.0163  -0.0111    26    43    29    32    0.3    5.4    1.6    0.9    31    77    68    48
   14.440      362 00100011   0.0185  -0.0105  -0.0133  -0.0120    30    42    21    31    1.6    5.2   -1.2    0.6    49    72    52    56
   14.480      363 00100011  -0.0114   0.0114  -0.0137  -0.0147    31    38    22    29    1.9    4.4   -0.8    0.0    65    62    35    46
   14.520      364 00100011   0.0279   0.0029  -0.0160  -0.0107    43    40    24    35    4.7    4.8    0.0    1.6    74    70    26    56
   14.560      365 00100011   0.0127   0.0106  -0.0142  -0.0147    43    48    32    38    4.7    6.4    2.5    2.3    86    74    75    45
   14.600      366 00100011   0.0112   0.0114  -0.0122  -0.0108    42    45    34    38    4.5    5.8    3.0    2.3    71    79    78    46
   14.640      367 00100011   0.0125  -0.0263  -0.0134  -0.0063    60    59    36    38    7.6    8.2    3.5    2.3    93    88    70    52
   14.680      368 00100011   0.0047  -0.0140  -0.0118  -0.0092    67    69    26    41    8.6    9.5    0.7    3.0    94    89    37    61
   14.720      369 00100011   0.0217  -0.0316  -0.0159  -0.0003    58    31    22    34    7.3    2.6   -0.8    1.4    89    58    49    11
   14.760      370 00100011   0.0085   0.0337  -0.0124  -0.0092    53    25    36    38    6.5    0.7    3.5    2.3    90    32    83    53
   14.800      371 00100011   0.0036  -0.0076  -0.0124  -0.0148    40    29    26    40    4.1    2.0    0.7    2.8    78    63    73    52
   14.840      372 00100011   0.0063   0.0001  -0.0117  -0.0149    44    36    29    43    4.9    3.9    1.6    3.4    81    69    69    73
   14.880      373 00100011   0.0175   0.0009  -0.0157  -0.0141    51    29    24    58    6.2    2.0    0.0    6.0    81    60    45    84
   14.920      374 00100011   0.0143   0.0019  -0.0179  -0.0170    44    27    25    46    4.9    1.4    0.4    4.0    73    66    57    74
   14.960      375 00100011   0.0173  -0.0182  -0.0152  -0.0201    43    22    24    55    4.7   -0.4    0.0    5.6    86    53    46    79
   15.000      376 00100011   0.0179   0.0169  -0.0145  -0.0148    37    22    21    41    3.4   -0.4   -1.2    3.0    59    50    56    57
   15.040      377 00100011   0.0069   0.0005  -0.0200  -0.0143    25    25    24    28    0.0    0.7    0.0   -0.3    33    31    52    48
   15.080      378 00100011   0.0287  -0.0324  -0.0107  -0.0165    26    27    28    36    0.3    1.4    1.3    1.9    49    40    78    52
   15.120      379 00100011   0.0108   0.0041  -0.0126  -0.0114    30    21    34    41    1.6   -0.8    3.0    3.0    60    36    78    60
   15.160      380 00100011   0.0355   0.0017  -0.0118  -0.0125    24    30    49    51   -0.4    2.3    6.2    4.9    53    66    83    77
   15.200      381 00100011   0.0063  -0.0033  -0.0170  -0.0108    25    39    34    39    0.0    4.6    3.0    2.6    38    81    83    64
   15.240      382 00100011  -0.0168  -0.0007  -0.0163  -0.0159    28    33    30    47    1.0    3.1    1.9    4.2    52    76    73    76
   15.280      383 00100011   0.0120   0.0122  -0.0131  -0.0133    32    26    28    42    2.1    1.1    1.3    3.2    61    32    58    67
   15.320      384 00100011   0.0151  -0.0015  -0.0190  -0.0123    33    31    32    51    2.4    2.6    2.5    4.9    61    66    63    83
   15.360      385 00100011   0.0247   0.0143  -0.0164  -0.0132    38    31    39    51    3.6    2.6    4.2    4.9    75    65    86    84
   15.400      386 00100011   0.0263   0.0048  -0.0159  -0.0148    53    40    59    64    6.5    4.8    7.8    6.9    86    75    93    90
   15.440      387 00100011   0.0251   0.0031  -0.0158  -0.0132    41    55    43    56    4.3    7.6    5.1    5.7    77    88    86    77
   15.480      388 00100011   0.0215  -0.0048  -0.0178  -0.0160    76    77    46    99    9.7   10.5    5.7   10.7    93    96    88    96
   15.520      389 00100011   0.0275  -0.0068  -0.0175  -0.0147    87    60    33    61   10.8    8.3    2.8    6.5    94    91    76    89
   15.560      390 00100011   0.0241  -0.0009  -0.0187  -0.0144    91    35    28    46   11.2    3.6    1.3    4.0    94    69    75    75
   15.600      391 00100011   0.0331  -0.0027  -0.0228  -0.0215    72    35    20    37    9.2    3.6   -1.6    2.1    91    62    31    67
   15.640      392 00100011   0.0089   0.0072  -0.0102  -0.0191    44    40    22    33    4.9    4.8   -0.8    1.1    78    77     8    43
   15.680      393 00100011   0.0073   0.0017  -0.0158  -0.0198    36    34    19    29    3.2    3.4   -2.0    0.0    45    71    40    59
   15.720      394 00100011  -0.0052   0.0042  -0.0107  -0.0074    27    22    22    30    0.7   -0.4   -0.8    0.3    65    29    27    44
   15.760      395 00100011   0.0055   0.0232  -0.0120  -0.0096    31    24    21    30    1.9    0.4   -1.2    0.3    52    23    56    36
   15.800      396 00100011   0.0102   0.0169  -0.0160  -0.0066    34    20    25    33    2.7   -1.2    0.4    1.1    46    25    49    55
   15.840      397 00100011   0.2234   0.0137  -0.0701  -0.0107    29    22    20    39    1.3   -0.4   -1.6    2.6    49    29     8    41
   15.880      398 00100011   0.0092  -0.0088  -0.0138  -0.0161    25    30    22    29    0.0    2.3   -0.8    0.0    48    50    34    38
   15.920      399 00100011   0.0227   0.0169  -0.0084  -0.0261    26    28    20    29    0.3    1.7   -1.6    0.0    39    59    24     5
   15.960      400 00100011   0.0235  -0.0044  -0.0157  -0.0175    28    29    23    35    1.0    2.0   -0.4    1.6    20    50    33    52
   16.000      401 00100011   0.0371   0.0329  -0.0056  -0.0056    29    24    24    37    1.3    0.4    0.0    2.1    26    32    26    62
   16.040      402 00100011  -0.0018   0.0056  -0.0285  -0.0284    32    25    22    28    2.1    0.7   -0.8   -0.3    16    36    36    34
   16.080      403 00100011   0.0744  -0.0184  -0.0235  -0.0139    32    30    29    33    2.1    2.3    1.6    1.1    46    62    60    61
   16.120      404 00100011   0.0082  -0.0066  -0.0205  -0.0209    32    28    29    37    2.1    1.7    1.6    2.1    52    42    58    25
   16.160      405 00100011   0.0194   0.0145  -0.0209  -0.0186    34    40    27    33    2.7    4.8    1.0    1.1    57    75    68    73
   16.200      406 00100011   0.0386  -0.0825  -0.0173   0.0034    35    45    32    23    2.9    5.8    2.5   -2.0    67    75    76    28
   16.240      407 00100011   0.0171   0.0141  -0.0163  -0.0194    35    55    28    35    2.9    7.6    1.3    1.6    77    80    68    61
   16.280      408 00100011   0.0181  -0.0031  -0.0172  -0.0187    36    36    29    35    3.2    3.9    1.6    1.6    63    58    50    68
   16.320      409 00100011   0.0209   0.0042  -0.0177  -0.0144    40    32    34    27    4.1    2.9    3.0   -0.6    52    53    74    27
   16.360      410 00100011   0.0124   0.0084  -0.0178  -0.0165    32    34    37    47    2.1    3.4    3.8    4.2    50    76    70    75
   16.400      411 00100011   0.0380  -0.0031  -0.0216  -0.0193    40    53    46    62    4.1    7.3    5.7    6.6    50    82    78    90
   16.440      412 00100011   0.0311  -0.0033  -0.0190  -0.0190    52    53    42    71    6.4    7.3    4.9    7.8    65    88    81    89
   16.480      413 00100011   0.0382  -0.0041  -0.0191  -0.0204    39    39    32    61    3.9    4.6    2.5    6.5    73    81    67    79
   16.520      414 00100011   0.0255   0.0011  -0.0202  -0.0150    36    45    27    37    3.2    5.8    1.0    2.1    70    81    39    58
   16.560      415 00100011   0.0315  -0.0080  -0.0239  -0.0182    36    63    22    40    3.2    8.8   -0.8    2.8    71    92    41    65
   16.600      416 00100011   0.0303  -0.0009  -0.0247  -0.0202    35    64    32    49    2.9    8.9    2.5    4.6    62    94    67    67
   16.640      417 00100011   0.0353  -0.0076  -0.0223  -0.0194    40    95    31    42    4.1   12.3    2.2    3.2    71    97    72    74
   16.680      418 00100011   0.0271  -0.0037  -0.0188  -0.0203    37    92    30    41    3.4   12.0    1.9    3.0    58    96    73    60
   16.720      419 00100011   0.0394  -0.0154  -0.0199  -0.0171    40    60    45    34    4.1    8.3    5.5    1.4    71    93    86    52
   16.760      420 00100011   0.0169   0.0133  -0.0206  -0.0162    38    32    32    29    3.6    2.9    2.5    0.0    72    58    66    63
   16.800      421 00100011   0.0179   0.0181  -0.0166  -0.0246    46    36    28    30    5.3    3.9    1.3    0.3    69    82    64     6
   16.840      422 00100011   0.0419  -0.0147  -0.0267  -0.0228    41    35    34    37    4.3    3.6    3.0    2.1    72    68    74    75
   16.880      423 00100011   0.0231   0.0003  -0.0258  -0.0226    30    26    30    49    1.6    1.1    1.9    4.6    39    54    75    85
   16.920      424 00100011   0.0417  -0.0078  -0.0244  -0.0221    35    32    32    67    2.9    2.9    2.5    7.3    63    57    56    90
   16.960      425 00100011   0.0388  -0.0037  -0.0258  -0.0209    40    33    30    40    4.1    3.1    1.9    2.8    74    74    81    72
   17.000      426 00100011   0.0208   0.0147  -0.0186  -0.0253    29    32    29    37    1.3    2.9    1.6    2.1    54    60    61    64
   17.040      427 00100011   0.0472   0.0068  -0.0194  -0.0166    29    30    33    50    1.3    2.3    2.8    4.7    33    48    69    76
   17.080      428 00100011   0.0305  -0.0190  -0.0241  -0.0239    29    32    37    61    1.3    2.9    3.8    6.5    61    52    79    83
   17.120      429 00100011   0.0211   0.0011  -0.0248  -0.0245    52    29    62    60    6.4    2.0    8.2    6.3    82    50    93    79
   17.160      430 00100011   0.0269  -0.0052  -0.0215  -0.0225    49    27    45    55    5.8    1.4    5.5    5.6    87    64    77    85
   17.200      431 00100011   0.0439   0.0033  -0.0207  -0.0204    32    40    27    74    2.1    4.8    1.0    8.1    72    71    71    91
   17.240      432 00100011   0.0294  -0.0056  -0.0192  -0.0241    37    35    29    54    3.4    3.6    1.6    5.4    70    75    60    87
   17.280      433 00100011   0.0355   0.0021  -0.0232  -0.0219    35    43    29    48    2.9    5.4    1.6    4.4    63    83    50    73
   17.320      434 00100011   0.0261   0.0029  -0.0219  -0.0234    36    60    43    36    3.2    8.3    5.1    1.9    64    92    87    59
   17.360      435 00100011   0.0192  -0.0056  -0.0224  -0.0193    32    92    63    37    2.1   12.0    8.4    2.1    69    98    96    62
   17.400      436 00100011   0.0367  -0.0096  -0.0186  -0.0195    31    73    39    35    1.9   10.0    4.2    1.6    62    97    88    47
   17.440      437 00100011   0.0145  -0.0166  -0.0285  -0.0183    27    46    22    32    0.7    6.0   -0.8    0.9    55    90    50    66
   17.480      438 00100011  -0.1621  -0.0156   0.0250  -0.0139    28    27    24    34    1.0    1.4    0.0    1.4    62    51    22    45
   17.520      439 00100011   0.0127  -0.0202  -0.0155  -0.0179    28    27    21    29    1.0    1.4   -1.2    0.0    45    41    33    38
   17.560      440 00100011   0.0153  -0.0094  -0.0245  -0.0200    26    28    24    30    0.3    1.7    0.0    0.3    42    59    49    49
   17.600      441 00100011   0.0419  -0.0200  -0.0207  -0.0202    34    32    25    33    2.7    2.9    0.4    1.1    64    62    52    40
   17.640      442 00100011   0.0245   0.0003  -0.0197  -0.0229    43    48    27    36    4.7    6.4    1.0    1.9    69    87    51    61
   17.680      443 00100011   0.0405  -0.0105  -0.0247  -0.0141    52    38    21    35    6.4    4.4   -1.2    1.6    81    64    34    44
   17.720      444 00100011   0.0437  -0.0153  -0.0272  -0.0245    39    27    26    33    3.9    1.4    0.7    1.1    65    48    46    51
   17.760      445 00100011   0.0255  -0.0213  -0.0265  -0.0207    23    29    32    41   -0.7    2.0    2.5    3.0    21    44    62    56
   17.800      446 00100011   0.0233   0.0256  -0.0195  -0.0160    30    25    27    39    1.6    0.7    1.0    2.6    37    49    45    58
   17.840      447 00100011   0.0147  -0.0209  -0.0194  -0.0249    33    26    18    48    2.4    1.1   -2.5    4.4    57    58    48    70
   17.880      448 00100011   0.0221   0.0112  -0.0227  -0.0182    32    26    22    72    2.1    1.1   -0.8    7.9    62    31    49    91
   17.920      449 00100011   0.0361   0.0001  -0.0238  -0.0253    35    27    31    50    2.9    1.4    2.2    4.7    61    35    75    75
   17.960      450 00100011   0.0080  -0.0143  -0.0211  -0.0229    41    29    32    38    4.3    2.0    2.5    2.3    79    52    62    71
   18.000      451 00100011   0.0307   0.0052  -0.0233  -0.0254    48    27    29    28    5.7    1.4    1.6   -0.3    79    51    45    64
   18.040      452 00100011   0.0439  -0.0104  -0.0242  -0.0214    40    26    23    35    4.1    1.1   -0.4    1.6    75    28    41    60
   18.080      453 00100011   0.0273  -0.0173  -0.0291  -0.0278    33    30    21    41    2.4    2.3   -1.2    3.0    57    73    69    68
   18.120      454 00100011   0.0476  -0.0129  -0.0285  -0.0248    50    40    40    42    6.0    4.8    4.4    3.2    86    83    86    68
   18.160      455 00100011   0.0347  -0.0163  -0.0269  -0.0271    96   103    84    73   11.7   13.0   10.9    8.0    96    97    97    89
   18.200      456 00100011   0.0359  -0.0114  -0.0290  -0.0293    98   116    74    76   11.9   14.1    9.8    8.4    97    98    93    91
   18.240      457 00100011   0.0365  -0.0125  -0.0302  -0.0305    98   112    63    62   11.9   13.7    8.4    6.6    98    98    96    92
   18.280      458 00100011   0.0359  -0.0114  -0.0298  -0.0315    82    72    28    35   10.3    9.9    1.3    1.6    96    96    77    52
   18.320      459 00100011   0.0359  -0.0153  -0.0307  -0.0315    54    33    30    37    6.7    3.1    1.9    2.1    92    65    74    77
   18.360      460 00100011   0.0281   0.0143  -0.0294  -0.0289    33    25    27    36    2.4    0.7    1.0    1.9    58    50    61    58
   18.400      461 00100011   0.0907  -0.0496  -0.0277  -0.0422    26    23    20    28    0.3    0.0   -1.6   -0.3    25    22    17    43
   18.440      462 00100011  -0.0116  -0.0492  -0.0457  -0.0265    24    31    28    24   -0.4    2.6    1.3   -1.6    28    62    58    47
   18.480      463 00100011   0.0307  -0.0035  -0.0415  -0.0376    24    43    36    34   -0.4    5.4    3.5    1.4    26    87    72    50
   18.520      464 00100011   0.0419  -0.0131  -0.0414  -0.0402    30    46    31    37    1.6    6.0    2.2    2.1    55    84    58    60
   18.560      465 00100011   0.0383  -0.0033  -0.0386  -0.0393    43    36    21    34    4.7    3.9   -1.2    1.4    83    70    62    46
   18.600      466 00100011   0.0257  -0.0262  -0.0395  -0.0404    50    25    22    37    6.0    0.7   -0.8    2.1    77    60    12    53
   18.640      467 00100011   0.0511  -0.0435  -0.0500  -0.0503    39    25    24    28    3.9    0.7    0.0   -0.3    53    45    37    36
   18.680      468 00100011   0.0636  -0.0197  -0.0330  -0.0457    25    32    24    31    0.0    2.9    0.0    0.6    27    36    51    55
   18.720      469 00100011   0.0532  -0.0201  -0.0357  -0.0442    31    42    45    72    1.9    5.2    5.5    7.9    48    75    86    89
   18.760      470 00100011   0.0259  -0.0031  -0.0371  -0.0421    46    65    35    70    5.3    9.0    3.3    7.7    79    82    67    85
   18.800      471 00100011   0.0323   0.0454  -0.0375  -0.0424    58    33    23    32    7.3    3.1   -0.4    0.9    86    57    43    60
   18.840      472 00100011   0.0889   0.0181  -0.0514  -0.0402    33    25    20    32    2.4    0.7   -1.6    0.9    72    22    43    25
   18.880      473 00100011   0.0901   0.0322  -0.0414  -0.0523    29    29    22    26    1.3    2.0   -0.8   -0.9    21    41    28    36
   18.920      474 00100011   0.0871  -0.0035  -0.0768  -0.0693    26    21    19    33    0.3   -0.8   -2.0    1.1    15    22    21    78
   18.960      475 00100011   0.0272  -0.0060  -0.0728  -0.0684    28    27    16    34    1.0    1.4   -3.5    1.4    43    35    31    46
   19.000      476 00100011   0.0677  -0.0315  -0.0678  -0.0711    35    28    26    44    2.9    1.7    0.7    3.6    60    49    71    78
   19.040      477 00100011   0.0545  -0.0129  -0.0795  -0.0726    28    29    32    49    1.0    2.0    2.5    4.6    41    50    73    76
   19.080      478 00100011   0.1003  -0.0382  -0.0602  -0.0805    24    27    37    59   -0.4    1.4    3.8    6.2    33    11    72    85
   19.120      479 00100011   0.0564  -0.0076  -0.0576  -0.0700    27    36    28    46    0.7    3.9    1.3    4.0    38    58    72    76
   19.160      480 00100011  -0.0004  -0.0044  -0.0684  -0.0710    26    24    31    41    0.3    0.4    2.2    3.0    38    53    64    82
   19.200      481 00100011  -0.0028   0.0068  -0.0752  -0.0673    31    30    29    48    1.9    2.3    1.6    4.4    49    69    73    62
   19.240      482 00100011   0.0150   0.0192  -0.0663  -0.0777    27    30    25    27    0.7    2.3    0.4   -0.6    39    69    42    37
   19.280      483 00100011  -0.0057   0.0109  -0.0629  -0.0760    36    30    21    32    3.2    2.3   -1.2    0.9    68    65    59    52
   19.320      484 00100011   0.0174   0.0063  -0.0609  -0.0768    29    29    23    34    1.3    2.0   -0.4    1.4    34    46    36    62
   19.360      485 00100011  -0.0352  -0.0274  -0.0865  -0.0691    42    30    26    33    4.5    2.3    0.7    1.1    79    51    18    33
   19.400      486 00100011  -0.0366   0.0198  -0.0857  -0.0744    71    51    26    27    9.1    6.9    0.7   -0.6    88    76    54    39
   19.440      487 00100011   0.0489   0.0281  -0.0811  -0.0770    40    44    32    37    4.1    5.6    2.5    2.1    58    84    67    23
   19.480      488 00100011   0.0268   0.0625  -0.0841  -0.0887    37    56    23    39    3.4    7.7   -0.4    2.6    56    69    40    59
   19.520      489 00100011   0.0113   0.0360  -0.0794  -0.0842    41    72    31    67    4.3    9.9    2.2    7.3    64    94    76    90
   19.560      490 00100011   0.0447   0.0288  -0.0800  -0.0842    58    97    35    55    7.3   12.5    3.3    5.6    88    97    70    85
   19.600      491 00100011   0.0438   0.0480  -0.0925  -0.0911    29    42    22    45    1.3    5.2   -0.8    3.8    41    74    61    70
   19.640      492 00100011   0.0130   0.0259  -0.0947  -0.0958    30    33    28    46    1.6    3.1    1.3    4.0    67    52    60    60
   19.680      493 00100011   0.0434   0.0416  -0.1088  -0.1092    31    37    33    68    1.9    4.1    2.8    7.4    48    69    80    76
   19.720      494 00100011   0.0512   0.0085  -0.1096  -0.1057    26    37    39    58    0.3    4.1    4.2    6.0    54    67    73    56
   19.760      495 00100011  -0.0157   0.0083  -0.0961  -0.1015    24    27    27    38   -0.4    1.4    1.0    2.3    16    54    59    54
   19.800      496 00100011   0.0180  -0.0135  -0.0609  -0.0725    28    25    24    37    1.0    0.7    0.0    2.1    27    29    11    61
   19.840      497 00100011   0.0222  -0.0501  -0.0893  -0.0893    30    25    28    40    1.6    0.7    1.3    2.8    47    38    68    60
   19.880      498 00100011  -0.0007  -0.0317  -0.0864  -0.0793    42    25    36    47    4.5    0.7    3.5    4.2    68    62    81    80
   19.920      499 00100011  -0.0340  -0.0017  -0.0921  -0.0769    26    25    28    38    0.3    0.7    1.3    2.3    46    52    65    75
   19.960      500 00100011  -0.0342  -0.0390  -0.0793  -0.0709    26    24    29    33    0.3    0.4    1.6    1.1    20    42    47    61
   20.000      501 00100011   0.0240  -0.0388  -0.0671  -0.0788    27    25    21    39    0.7    0.7   -1.2    2.6    31    57    38    52
   20.040      502 00100011   0.0138  -0.0504  -0.0675  -0.0716    30    28    28    32    1.6    1.7    1.3    0.9    38    59    52    65
   20.080      503 00100011   0.0621  -0.0329  -0.0576  -0.0648    31    35    35    41    1.9    3.6    3.3    3.0    25    51    81    78
   20.120      504 00100011   0.0503  -0.0254  -0.0671  -0.0761    32    54    28    31    2.1    7.4    1.3    0.6    56    85    41    52
   20.160      505 00100011   0.0775  -0.0161  -0.0853  -0.0837    26    43    26    30    0.3    5.4    0.7    0.3    46    81    21    36
   20.200      506 00100011   0.0458  -0.0248  -0.0800  -0.0874    32    27    23    35    2.1    1.4   -0.4    1.6    51    63    48    66
   20.240      507 00100011   0.0119  -0.0250  -0.0892  -0.0862    31    32    26    34    1.9    2.9    0.7    1.4    20    52    46    58
   20.280      508 00100011   0.0350  -0.0357  -0.0796  -0.0847    30    32    29    33    1.6    2.9    1.6    1.1    66    73    38    55
   20.320      509 00100011   0.0346  -0.0553  -0.0773  -0.0721    36    33    23    36    3.2    3.1   -0.4    1.9    71    66    39    64
   20.360      510 00100011   0.0583  -0.0479  -0.0807  -0.0784    46    23    23    23    5.3    0.0   -0.4   -2.0    72    52     2    33
   20.400      511 00100011  -0.1081   0.0103  -0.0312  -0.0965    32    24    21    29    2.1    0.4   -1.2    0.0    29    34    16    46
   20.440      512 00100011  -0.0692  -0.0589  -0.0626  -0.0809    33    22    21    37    2.4   -0.4   -1.2    2.1    60    30     6    52
   20.480      513 00100011  -0.0061  -0.0147  -0.0677  -0.0705    36    37    26    32    3.2    4.1    0.7    0.9    24    67    58    35
   20.520      514 00100011   0.0194  -0.0169  -0.0612  -0.0568    37    54    30    41    3.4    7.4    1.9    3.0    59    85    49    52
   20.560      515 00100011   0.0613   0.0208  -0.0671  -0.0647    44    52    22    35    4.9    7.1   -0.8    1.6    81    89    57    37
   20.600      516 00100011   0.0515   0.0089  -0.0698  -0.0749    34    23    20    38    2.7    0.0   -1.6    2.3    49    48    32    70
   20.640      517 00100011   0.0497  -0.0120  -0.0729  -0.0726    48    27    23    24    5.7    1.4   -0.4   -1.6    78    50    40    36
   20.680      518 00100011   0.0601   0.0052  -0.0648  -0.0689    37    29    26    33    3.4    2.0    0.7    1.1    63    44    60    63
   20.720      519 00100011   0.0309  -0.0193  -0.0622  -0.0607    34    26    42    45    2.7    1.1    4.9    3.8    52    58    63    58
   20.760      520 00100011   0.0313  -0.0122  -0.0611  -0.0597    31    41    72    96    1.9    5.0    9.5   10.4    57    76    93    90
   20.800      521 00100011   0.0376  -0.0112  -0.0538  -0.0551    33    49    51    88    2.4    6.6    6.5    9.6    35    83    91    91
   20.840      522 00100011   0.0381  -0.0104  -0.0473  -0.0517    34    36    21    36    2.7    3.9   -1.2    1.9    61    74    67    53
   20.880      523 00100011   0.0628   0.0213  -0.0460  -0.0572    35    43    25    29    2.9    5.4    0.4    0.0    74    76    49    29
   20.920      524 00100011   0.0509   0.0159  -0.0500  -0.0564    33    32    28    30    2.4    2.9    1.3    0.3    51    68    79    35
   20.960      525 00100011   0.0184   0.0068  -0.0533  -0.0580    30    32    31    30    1.6    2.9    2.2    0.3    42    57    56    38
   21.000      526 00100011   0.0349   0.0191  -0.0470  -0.0498    32    29    25    46    2.1    2.0    0.4    4.0    55    30    64    59
   21.040      527 00100011   0.0568  -0.0147  -0.0469  -0.0530    45    23    25    49    5.1    0.0    0.4    4.6    74    45    58    71
   21.080      528 00100011   0.0417   0.0149  -0.0423  -0.0408    39    25    43    42    3.9    0.7    5.1    3.2    81    36    78    75
   21.120      529 00100011   0.0427  -0.0072  -0.0463  -0.0469    44    35    52    73    4.9    3.6    6.7    8.0    76    68    89    94
   21.160      530 00100011   0.0507  -0.0044  -0.0437  -0.0447    36    30    23    36    3.2    2.3   -0.4    1.9    74    63    43    72
   21.200      531 00100011   0.0290  -0.0080  -0.0310  -0.0308    29    27    21    30    1.3    1.4   -1.2    0.3    47    62    29    42
   21.240      532 00100011   0.1021   0.0370  -0.0479  -0.0388    31    30    21    29    1.9    2.3   -1.2    0.0    52    49    14    46
   21.280      533 00100011   0.0668   0.0197  -0.0418  -0.0418    24    40    21    25   -0.4    4.8   -1.2   -1.3    24    74    26    45
   21.320      534 00100011   0.1237   0.0118  -0.0661  -0.0420    37    34    20    26    3.4    3.4   -1.6   -0.9    60    60    30    39
   21.360      535 00100011   0.0321   0.0131  -0.0410  -0.0344    37    26    21    33    3.4    1.1   -1.2    1.1    61    48    35    52
   21.400      536 00100011   0.0014  -0.0214  -0.0391  -0.0406    32    23    28    36    2.1    0.0    1.3    1.9    55    52    42    53
   21.440      537 00100011   0.0391  -0.0236  -0.0463  -0.0392    27    29    28    35    0.7    2.0    1.3    1.6    20    46    79    65
   21.480      538 00100011   0.0636  -0.0163  -0.0361  -0.0342    44    49    86    69    4.9    6.6   11.1    7.5    77    80    94    92
   21.520      539 00100011   0.0566  -0.0187  -0.0341  -0.0352    75    88    88    99    9.5   11.7   11.3   10.7    91    96    96    97
   21.560      540 00100011   0.0586  -0.0104  -0.0322  -0.0349   103    59    59    76   12.3    8.2    7.8    8.4    85    75    92    89
   21.600      541 00100011   0.0451  -0.0340  -0.0367  -0.0471    48    25    24    38    5.7    0.7    0.0    2.3    73    19    37    79
   21.640      542 00100011   0.0037  -0.0250  -0.0538  -0.0413    24    25    34    48   -0.4    0.7    3.0    4.4    17    35    64    66
   21.680      543 00100011   0.0678  -0.0468  -0.0415  -0.0509    29    27    27    55    1.3    1.4    1.0    5.6    34    52    51    71
   21.720      544 00100011  -0.0112  -0.1086  -0.0539  -0.0531    36    31    25    51    3.2    2.6    0.4    4.9    46    58    52    57
   21.760      545 00100011  -0.0412  -0.0581  -0.0557  -0.0668    36    29    22    35    3.2    2.0   -0.8    1.6    66    55    24    56
   21.800      546 00100011   0.0305  -0.0698  -0.0652  -0.0576    26    31    24    32    0.3    2.6    0.0    0.9    47    50    57    48
   21.840      547 00100011   0.0186  -0.0781  -0.0540  -0.0694    32    30    23    34    2.1    2.3   -0.4    1.4    44    50    45    62
   21.880      548 00100011  -0.0020  -0.0733  -0.0705  -0.0751    27    37    23    37    0.7    4.1   -0.4    2.1    67    57    26    54
   21.920      549 00100011   0.0335  -0.0230  -0.0586  -0.0635    32    31    25    33    2.1    2.6    0.4    1.1    39    45    18    69
   21.960      550 00100011  -0.0022  -0.0352  -0.0414  -0.0519    33    32    26    38    2.4    2.9    0.7    2.3    47    52    53    36
   22.000      551 00100011   0.0012  -0.0445  -0.0441  -0.0590    28    29    30    39    1.0    2.0    1.9    2.6    24    56    56    25
   22.040      552 00100011  -0.0578   0.0029  -0.0443  -0.0354    28    25    28    37    1.0    0.7    1.3    2.1    33    29    49    61
   22.080      553 00100011   0.0694   0.0072  -0.0421  -0.0389    32    40    24    47    2.1    4.8    0.0    4.2    33    73    31    70
   22.120      554 00100011   0.0578   0.0048  -0.0496  -0.0377    37    40    27    37    3.4    4.8    1.0    2.1    64    73    65    74
   22.160      555 00100011   0.0548   0.0403  -0.0517  -0.0553    56    42    31    56    7.0    5.2    2.2    5.7    90    78    70    86
   22.200      556 00100011   0.0280   0.0279  -0.0585  -0.0540    69    51    27    46    8.8    6.9    1.0    4.0    90    77    76    66
   22.240      557 00100011   0.0188  -0.0070  -0.0562  -0.0536    63    35    31    34    8.0    3.6    2.2    1.4    88    70    73    51
   22.280      558 00100011   0.0585  -0.0145  -0.0689  -0.0487    44    23    28    30    4.9    0.0    1.3    0.3    67    49    34    34
   22.320      559 00100011   0.0046   0.0066  -0.0712  -0.0612    30    32    28    35    1.6    2.9    1.3    1.6    43    54    20    55
   22.360      560 00100011   0.0539   0.0211  -0.0581  -0.0623    28    30    29    33    1.0    2.3    1.6    1.1    34    45    64    57
   22.400      561 00100011   0.0489  -0.0155  -0.0680  -0.0753    27    23    30    32    0.7    0.0    1.9    0.9    21    55    45    60
   22.440      562 00100011  -0.0077  -0.0395  -0.0611  -0.0582    39    28    34    30    3.9    1.7    3.0    0.3    68    69    63    54
   22.480      563 00100011  -0.0049   0.0080  -0.0618  -0.0550    36    26    37    56    3.2    1.1    3.8    5.7    72    60    76    85
   22.520      564 00100011   0.0096  -0.0007  -0.0555  -0.0627    47    33    32    57    5.5    3.1    2.5    5.9    79    73    76    77
   22.560      565 00100011   0.0140  -0.0094  -0.0567  -0.0517    51    31    22    33    6.2    2.6   -0.8    1.1    79    50    43    58
   22.600      566 00100011   0.0419  -0.0147  -0.0655  -0.0587    47    33    25    36    5.5    3.1    0.4    1.9    55    46    37    35
   22.640      567 00100011  -0.0108  -0.0236  -0.0524  -0.0672    46    27    26    42    5.3    1.4    0.7    3.2    69    53    17    28
   22.680      568 00100011  -0.0474  -0.0427  -0.0505  -0.0444    31    32    23    52    1.9    2.9   -0.4    5.1    60    55    54    64
   22.720      569 00100011  -0.0331  -0.0137  -0.0389  -0.0346    39    35    35    42    3.9    3.6    3.3    3.2    65    58    77    63
   22.760      570 00100011  -0.0427  -0.0269  -0.0351  -0.0292    34    34    37    57    2.7    3.4    3.8    5.9    39    62    78    74
   22.800      571 00100011  -0.0141  -0.0133  -0.0258  -0.0204    31    38    46    60    1.9    4.4    5.7    6.3    42    60    87    76
   22.840      572 00100011  -0.0131   0.0175  -0.0234  -0.0204    34    37    47    44    2.7    4.1    5.8    3.6    39    53    88    72
   22.880      573 00100011   0.0175   0.0486  -0.0267  -0.0193    45    43    27    44    5.1    5.4    1.0    3.6    73    74    52    68
   22.920      574 00100011  -0.0028   0.0141  -0.0316  -0.0223    74    36    31    37    9.4    3.9    2.2    2.1    93    73    53    64
   22.960      575 00100011  -0.0505   0.0039  -0.0236  -0.0191    76    33    23    39    9.7    3.1   -0.4    2.6    89    55    49    47
   23.000      576 00100011  -0.0383  -0.0082  -0.0218  -0.0163    36    32    29    45    3.2    2.9    1.6    3.8    47    41    59    61
   23.040      577 00100011   0.0151   0.0295  -0.0106  -0.0109    33    28    23    47    2.4    1.7   -0.4    4.2    50    48    43    81
   23.080      578 00100011  -0.0021   0.0240  -0.0084  -0.0079    37    29    29    69    3.4    2.0    1.6    7.5    68    36    63    90
   23.120      579 00100011   0.0201   0.0370  -0.0084  -0.0081    32    42    39    66    2.1    5.2    4.2    7.1    57    67    71    67
   23.160      580 00100011   0.0091   0.0139  -0.0105  -0.0098    35    44    40    63    2.9    5.6    4.4    6.7    63    77    76    82
   23.200      581 00100011   0.0069   0.0139  -0.0088  -0.0109    71    62    27    32    9.1    8.6    1.0    0.9    92    86    41    55
   23.240      582 00100011   0.0087   0.0191  -0.0096  -0.0081    66    66    29    29    8.4    9.2    1.6    0.0    87    88    61    65
   23.280      583 00100011   0.0110  -0.0130  -0.0083  -0.0060    52    38    25    40    6.4    4.4    0.4    2.8    74    72    57    49
   23.320      584 00100011   0.0157  -0.0192  -0.0187  -0.0068    30    26    21    35    1.6    1.1   -1.2    1.6    50    54    25    48
   23.360      585 00100011   0.0670  -0.0166  -0.0037  -0.0123    30    24    25    36    1.6    0.4    0.4    1.9    22    52    15    70
   23.400      586 00100011   0.1290  -0.0537  -0.0319  -0.0115    32    30    20    38    2.1    2.3   -1.6    2.3    51    55     8    39
   23.440      587 00100011   0.0688   0.0080  -0.0332  -0.0289    41    32    22    28    4.3    2.9   -0.8   -0.3    58    64    37    17
   23.480      588 00100011   0.0879   0.0090  -0.0461  -0.0420    43    43    25    30    4.7    5.4    0.4    0.3    58    74    26    34
   23.520      589 00100011   0.0614  -0.0060  -0.0411  -0.0380    39    31    29    29    3.9    2.6    1.6    0.0    51    55    38    48
   23.560      590 00100011   0.0509   0.0019  -0.0459  -0.0486    31    31    34    40    1.9    2.6    3.0    2.8    46    41    63    41
   23.600      591 00100011  -0.0102  -0.0177  -0.0344  -0.0394    32    35    34    34    2.1    3.6    3.0    1.4    70    70    66    59
   23.640      592 00100011  -0.0159  -0.0338  -0.0338  -0.0267    36    28    26    34    3.2    1.7    0.7    1.4    50    73    55    59
   23.680      593 00100011  -0.0343  -0.0200  -0.0218  -0.0272    30    30    21    32    1.6    2.3   -1.2    0.9    47    54    50    57
   23.720      594 00100011   0.0183   0.0080  -0.0205  -0.0243    31    31    22    26    1.9    2.6   -0.8   -0.9    75    52    38    22
   23.760      595 00100011   0.0086  -0.0023  -0.0260  -0.0335    32    52    20    32    2.1    7.1   -1.6    0.9    25    89    24    26
   23.800      596 00100011   0.0364   0.0157  -0.0291  -0.0346    32    42    23    25    2.1    5.2   -0.4   -1.3    56    68    22    26
   23.840      597 00100011   0.0295   0.0274  -0.0294  -0.0409    35    37    19    27    2.9    4.1   -2.0   -0.6    45    72    40    51
   23.880      598 00100011   0.0644   0.0236  -0.0364  -0.0419    25    31    20    23    0.0    2.6   -1.6   -2.0    30    50    43    35
   23.920      599 00100011   0.0473   0.0104  -0.0599  -0.0292    23    23    21    27   -0.7    0.0   -1.2   -0.6    33    31    18    35
   23.960      600 00100011   0.2630  -0.0225   0.0330  -0.0323    19    22    22    29   -2.4   -0.4   -0.8    0.0    28    29    13    36
   24.000      601 00100011  -0.0092  -0.0421  -0.0315  -0.0533    38    29    20    30    3.6    2.0   -1.6    0.3    77    26    35    29
   24.040      602 00100011   0.0086  -0.0185  -0.0373  -0.0445    63    33    21    33    8.0    3.1   -1.2    1.1    92    77    40    36
   24.080      603 00100011   0.0261  -0.0510  -0.0429  -0.0385    34    28    21    26    2.7    1.7   -1.2   -0.9    69    36    42    36
   24.120      604 00100011   0.0247  -0.0308  -0.0293  -0.0260    26    27    30    29    0.3    1.4    1.9    0.0    26    52    12    49
   24.160      605 00100011   0.0376  -0.0452  -0.0391  -0.0272    31    33    19    26    1.9    3.1   -2.0   -0.9    40    63    37    24
   24.200      606 00100011   0.0147  -0.0553  -0.0288  -0.0281    35    33    22    28    2.9    3.1   -0.8   -0.3    49    63    40    39
   24.240      607 00100011   0.0151   0.0300  -0.0323  -0.0424    32    26    24    29    2.1    1.1    0.0    0.0    57    36    56    12
   24.280      608 00100011   0.0245   0.0003  -0.0284  -0.0226    29    28    29    57    1.3    1.7    1.6    5.9    39    34    69    90
   24.320      609 00100011   0.0075  -0.0060  -0.0198  -0.0236    29    30    29    64    1.3    2.3    1.6    6.9    58    55    42    90
   24.360      610 00100011   0.1061   0.0064  -0.0289  -0.0212    27    28    23    28    0.7    1.7   -0.4   -0.3    40    39    29    59
   24.400      611 00100011   0.0456  -0.0141  -0.0401  -0.0230    28    30    24    36    1.0    2.3    0.0    1.9    40    62    40    25
   24.440      612 00100011   0.0057   0.0013  -0.0229  -0.0252    31    30    21    31    1.9    2.3   -1.2    0.6    36    59    56    54
   24.480      613 00100011   0.0502  -0.0019  -0.0299  -0.0305    32    28    27    41    2.1    1.7    1.0    3.0    60    51    51    56
   24.520      614 00100011   0.0353   0.0179  -0.0262  -0.0261    27    48    30    41    0.7    6.4    1.9    3.0    52    90    67    75
   24.560      615 00100011   0.0104   0.0163  -0.0252  -0.0277    29    39    30    45    1.3    4.6    1.9    3.8    33    75    76    85
   24.600      616 00100011   0.0437   0.0123  -0.0238  -0.0244    40    35    25    41    4.1    3.6    0.4    3.0    69    60    44    53
   24.640      617 00100011  -0.0014  -0.0296  -0.0135  -0.0177    42    43    28    32    4.5    5.4    1.3    0.9    73    73    43    35
   24.680      618 00100011  -0.0375   0.0092  -0.0041  -0.0101    39    31    21    31    3.9    2.6   -1.2    0.6    52    60    38    18
   24.720      619 00100011   0.0006  -0.0124  -0.0098  -0.0075    33    23    28    49    2.4    0.0    1.3    4.6    60    32    22    51
   24.760      620 00100011   0.0094   0.0285  -0.0206  -0.0107    22    39    28    39   -1.1    4.6    1.3    2.6    38    84    27    63
   24.800      621 00100011   0.0106   0.0226  -0.0188  -0.0111    26    37    25    56    0.3    4.1    0.4    5.7    40    78    51    82
   24.840      622 00100011   0.0127   0.0155  -0.0152  -0.0071    29    31    33    56    1.3    2.6    2.8    5.7    64    59    67    78
   24.880      623 00100011   0.0163   0.0167  -0.0070  -0.0097    52    28    22    40    6.4    1.7   -0.8    2.8    76    56    50    35
   24.920      624 00100011   0.0085   0.0222  -0.0034  -0.0018    55    24    25    31    6.8    0.4    0.4    0.6    86    37    24    46
   24.960      625 00100011   0.0353   0.0005  -0.0117  -0.0068    33    28    23    36    2.4    1.7   -0.4    1.9    62    42    19    34
   25.000      626 00100011   0.0069  -0.0061  -0.0035  -0.0042    35    27    22    31    2.9    1.4   -0.8    0.6    51    33    36    43
   25.040      627 00100011  -0.0046   0.0054  -0.0030  -0.0054    35    28    24    32    2.9    1.7    0.0    0.9    56    72    51    47
   25.080      628 00100011   0.0022  -0.0034  -0.0023  -0.0038    27    39    24    31    0.7    4.6    0.0    0.6    27    81    49    31
   25.120      629 00100011   0.0197   0.0088  -0.0041  -0.0039    32    27    27    35    2.1    1.4    1.0    1.6    50    52    61    50
   25.160      630 00100011   0.2273   0.0121   0.0720   0.0001    25    31    25    37    0.0    2.6    0.4    2.1    44    37    32    32
   25.200      631 00100011   0.0057   0.0058   0.0040  -0.0066    26    26    23    36    0.3    1.1   -0.4    1.9    22    60    15    59
   25.240      632 00100011   0.0075  -0.0007  -0.0070  -0.0093    31    26    20    36    1.9    1.1   -1.6    1.9    38    22    49    53
   25.280      633 00100011   0.0022   0.0096   0.0022  -0.0033    27    27    25    30    0.7    1.4    0.4    0.3    19    35    33    40
   25.320      634 00100011  -0.1720  -0.0166   0.0591  -0.0084    27    26    20    34    0.7    1.1   -1.6    1.4    40    38    25    36
   25.360      635 00100011   0.2809   0.1856   0.0627   0.0446    26    26    23    35    0.3    1.1   -0.4    1.6    26     8    50    44
   25.400      636 00100011   0.0384   0.0321  -0.0035   0.0058    25    21    34    35    0.0   -0.8    3.0    1.6    30    30    52    52
   25.440      637 00100011   0.0263  -0.0025  -0.0046  -0.0049    26    28    39    34    0.3    1.7    4.2    1.4    39    59    80    56
   25.480      638 00100011   0.0189  -0.0033  -0.0061  -0.0057    23    31    43    50   -0.7    2.6    5.1    4.7    30    40    85    87
   25.520      639 00100011   0.0206  -0.0053  -0.0056  -0.0041    30    41    57    68    1.6    5.0    7.5    7.4    45    75    90    87
   25.560      640 00100011   0.0300  -0.0017  -0.0015  -0.0040    33    49    45    72    2.4    6.6    5.5    7.9    65    87    85    85
   25.600      641 00100011   0.0380  -0.0001  -0.0032  -0.0039    32    63    34    68    2.1    8.8    3.0    7.4    73    94    60    87
   25.640      642 00100011   0.0300  -0.0025  -0.0054  -0.0038    44    62    23    48    4.9    8.6   -0.4    4.4    81    95    69    80
   25.680      643 00100011   0.0275   0.0058  -0.0061  -0.0052    46    42    25    47    5.3    5.2    0.4    4.2    87    83    41    84
   25.720      644 00100011   0.0333  -0.0162  -0.0074  -0.0095    44    33    27    74    4.9    3.1    1.0    8.1    83    47    59    93
   25.760      645 00100011  -0.0033  -0.0013   0.0024  -0.0037    34    41    25    67    2.7    5.0    0.4    7.3    71    81    40    85
   25.800      646 00100011   0.0288  -0.0081  -0.0091  -0.0054    32    41    26    54    2.1    5.0    0.7    5.4    55    75    16    83
   25.840      647 00100011   0.0318   0.0116  -0.0072  -0.0105    50    35    26    38    6.0    3.6    0.7    2.3    75    63    48    65
   25.880      648 00100011   0.0522   0.0098  -0.0102  -0.0098    44    37    25    51    4.9    4.1    0.4    4.9    62    66    23    68
   25.920      649 00100011   0.0314   0.0042  -0.0076  -0.0138    37    40    23    40    3.4    4.8   -0.4    2.8    56    82    52    57
   25.960      650 00100011   0.0121  -0.0142  -0.0108  -0.0116    30    29    23    34    1.6    2.0   -0.4    1.4    57    58    51    60
   26.000      651 00100011  -0.2047   0.0015   0.0531  -0.0177    27    39    22    30    0.7    4.6   -0.8    0.3    41    67    45    53
   26.040      652 00100011   0.0850   0.0155  -0.0214  -0.0188    40    48    22    36    4.1    6.4   -0.8    1.9    73    63    14    48
   26.080      653 00100011   0.0777   0.0193  -0.0240  -0.0154    39    34    25    34    3.9    3.4    0.4    1.4    64    75    49    54
   26.120      654 00100011  -0.1799   0.0054   0.0396  -0.0272    35    30    20    33    2.9    2.3   -1.6    1.1    56    36    18    23
   26.160      655 00100011  -0.1871   0.0364   0.0421  -0.0446    36    37    20    33    3.2    4.1   -1.6    1.1    70    50    47    30
   26.200      656 00100011   0.0271  -0.0595  -0.0219  -0.0343    35    45    23    31    2.9    5.8   -0.4    0.6    19    79    14    29
   26.240      657 00100011  -0.0080  -0.0326  -0.0381  -0.0396    41    49    22    36    4.3    6.6   -0.8    1.9    72    82    36    55
   26.280      658 00100011   0.0180  -0.0060  -0.0366  -0.0402    35    34    23    34    2.9    3.4   -0.4    1.4    51    73    29    47
   26.320      659 00100011   0.0055   0.0441  -0.0257  -0.0245    30    28    26    33    1.6    1.7    0.7    1.1    37    63    54    45
   26.360      660 00100011   0.0337  -0.0174  -0.0160  -0.0153    36    49    22    36    3.2    6.6   -0.8    1.9    45    81    24    63
   26.400      661 00100011  -0.0002   0.0195  -0.0035  -0.0236    51    47    21    24    6.2    6.2   -1.2   -1.6    76    83    25    10
   26.440      662 00100011  -0.1591  -0.0393   0.0259  -0.0173    42    30    20    30    4.5    2.3   -1.6    0.3    69    47    14    34
   26.480      663 00100011  -0.0192  -0.0098  -0.0105  -0.0247    30    26    21    31    1.6    1.1   -1.2    0.6    34    42    22    48
   26.520      664 00100011  -0.2391  -0.3339   0.0429   0.0492    26    24    25    29    0.3    0.4    0.4    0.0    23    76    57    29
   26.560      665 00100011   0.0431  -0.0191  -0.0270  -0.0356    27    30    22    30    0.7    2.3   -0.8    0.3    29    51    49    35
