    8.960      225 00100011  -0.0144   0.0341  -0.0075  -0.0118    39    33    28    30    0.9   -1.0   -1.7   -2.9    80    50    49    26
    9.000      226 00100011  -0.0112   0.0232  -0.0023   0.0048    50    29    28    30    3.1   -2.1   -1.7   -2.9    78    25    66    22
    9.040      227 00100011  -0.0048   0.0335  -0.0017  -0.0102    37    36    30    33    0.5   -0.2   -1.1   -2.1    75    57    65    41
    9.080      228 00100011   0.0020   0.0300  -0.0105  -0.0071    43    27    27    26    1.8   -2.7   -2.0   -4.2    71    51    54    45
    9.120      229 00100011  -0.0121   0.0536  -0.0034  -0.0126    35    28    32    27    0.0   -2.4   -0.5   -3.8    61    39    58    16
    9.160      230 00100011  -0.0106   0.0282  -0.0003  -0.0135    50    26    29    29    3.1   -3.1   -1.4   -3.2    82    37    63    17
    9.200      231 00100011   0.0069  -0.0409  -0.0036  -0.0039    36    24    29    24    0.2   -3.8   -1.4   -4.9    53    38    64    23
    9.240      232 00100011   0.0120   0.0033  -0.0053  -0.0078    43    28    23    40    1.8   -2.4   -3.4   -0.4    83    42    58    50
    9.280      233 00100011   0.0118  -0.0376  -0.0051  -0.0118    42    27    24    35    1.6   -2.7   -3.0   -1.6    69    32    71    56
    9.320      234 00100011  -0.0070  -0.0039  -0.0043  -0.0062    35    32    32    29    0.0   -1.3   -0.5   -3.2    56    59    69    32
    9.360      235 00100011  -0.0215   0.0078   0.0014   0.0051    38    30    29    29    0.7   -1.8   -1.4   -3.2    71    36    74    49
    9.400      236 00100011  -0.0136   0.0102   0.0043  -0.0026    27    31    31    34   -2.3   -1.5   -0.8   -1.8    56    45    60    23
    9.440      237 00100011   0.0087  -0.0006  -0.0056  -0.0005    34    27    25    40   -0.3   -2.7   -2.7   -0.4    66    64    79    66
    9.480      238 00100011   0.0207   0.0090  -0.0039  -0.0014    31    36    28    43   -1.1   -0.2   -1.7    0.2    42    54    67    80
    9.520      239 00100011  -0.0202  -0.0045  -0.0109  -0.0060    31    36    29    49   -1.1   -0.2   -1.4    1.3    63    72    73    80
    9.560      240 00100011   0.0036   0.0066  -0.0014  -0.0013    37    44    33    47    0.5    1.5   -0.3    1.0    69    70    74    85
    9.600      241 00100011   0.0002  -0.0073   0.0005  -0.0032    43    31    30    46    1.8   -1.5   -1.1    0.8    80    58    72    78
    9.640      242 00100011  -0.0031   0.0060  -0.0033  -0.0053    37    47    31    45    0.5    2.1   -0.8    0.6    76    85    85    87
    9.680      243 00100011   0.0124  -0.0009  -0.0017  -0.0027    37    37    33    54    0.5    0.0   -0.3    2.2    77    70    78    83
    9.720      244 00100011  -0.0066  -0.0069  -0.0017  -0.0023    37    41    39    49    0.5    0.9    1.2    1.3    83    87    88    87
    9.760      245 00100011   0.0067   0.0043  -0.0054  -0.0036    39    36    31    50    0.9   -0.2   -0.8    1.5    79    53    79    78
    9.800      246 00100011  -0.0009  -0.0040  -0.0038  -0.0018    44    42    35    58    2.0    1.1    0.3    2.8    83    71    75    86
    9.840      247 00100011  -0.0039   0.0015  -0.0035  -0.0052    43    38    38    57    1.8    0.2    1.0    2.7    84    79    79    91
    9.880      248 00100011  -0.0013  -0.0015  -0.0028  -0.0025    53    43    34    48    3.6    1.3    0.0    1.2    89    64    76    81
    9.920      249 00100011  -0.0046   0.0003  -0.0032  -0.0013    45    42    36    45    2.2    1.1    0.5    0.6    81    77    83    80
    9.960      250 00100011   0.0047   0.0011  -0.0040  -0.0055    52    43    32    49    3.4    1.3   -0.5    1.3    86    80    85    86
   10.000      251 00100011   0.0114  -0.0051  -0.0056  -0.0029    57    50    33    55    4.2    2.6   -0.3    2.3    85    79    88    87
   10.040      252 00100011   0.0020   0.0009  -0.0050  -0.0051    62    38    29    48    5.0    0.2   -1.4    1.2    85    81    79    85
   10.080      253 00100011   0.0075   0.0050  -0.0015  -0.0053    66    44    35    46    5.5    1.5    0.3    0.8    88    76    78    82
   10.120      254 00100011  -0.0021  -0.0055  -0.0037  -0.0067    68    36    28    48    5.8   -0.2   -1.7    1.2    90    72    70    76
   10.160      255 00100011  -0.0070   0.0128  -0.0018   0.0005    68    37    24    41    5.8    0.0   -3.0   -0.2    92    57    55    78
   10.200      256 00100011  -0.0043  -0.0111  -0.0025  -0.0039    67    34    26    41    5.6   -0.7   -2.3   -0.2    95    63    66    88
   10.240      257 00100011  -0.0090   0.0031  -0.0016  -0.0047    77    27    23    40    6.8   -2.7   -3.4   -0.4    94    72    60    72
   10.280      258 00100011   0.0079  -0.0015  -0.0073  -0.0041    64    29    22    34    5.2   -2.1   -3.8   -1.8    93    68    45    78
   10.320      259 00100011  -0.0280   0.0199   0.0029  -0.0039    66    30    19    32    5.5   -1.8   -5.1   -2.4    94    39    20    55
   10.360      260 00100011  -0.1555   0.0041   0.0331  -0.0081    66    32    19    30    5.5   -1.3   -5.1   -2.9    92    53    25    64
   10.400      261 00100011  -0.0389   0.0383   0.0053   0.0010    57    27    24    35    4.2   -2.7   -3.0   -1.6    90    42    12    54
   10.440      262 00100011   0.0398   0.0015  -0.0127  -0.0020    62    26    22    42    5.0   -3.1   -3.8    0.0    90    35    32    56
   10.480      263 00100011  -0.0039   0.0048  -0.0050   0.0040    56    27    22    39    4.1   -2.7   -3.8   -0.6    85    22    46    52
   10.520      264 00100011   0.0067  -0.0117  -0.0053  -0.0067    55    26    23    43    3.9   -3.1   -3.4    0.2    87    30    37    55
   10.560      265 00100011  -0.0158  -0.0132  -0.0003  -0.0038    64    29    20    43    5.2   -2.1   -4.6    0.2    91    46    44    58
   10.600      266 00100011   0.0159   0.0173  -0.0091  -0.0113    46    27    19    26    2.4   -2.7   -5.1   -4.2    84    22    24    38
   10.640      267 00100011   0.0396   0.0185  -0.0154  -0.0039    46    28    18    30    2.4   -2.4   -5.5   -2.9    82    70    45    53
   10.680      268 00100011   0.0207   0.0315  -0.0082  -0.0087    47    26    22    39    2.6   -3.1   -3.8   -0.6    75    31    33    50
   10.720      269 00100011   0.2656   0.2556  -0.0679   0.0568    42    24    20    30    1.6   -3.8   -4.6   -2.9    84    45    67    59
   10.760      270 00100011  -0.0188  -0.0105   0.0031  -0.0047    33    26    23    37   -0.5   -3.1   -3.4   -1.1    78    32    58    46
   10.800      271 00100011  -0.0732  -0.0109   0.0136  -0.0012    42    30    20    31    1.6   -1.8   -4.6   -2.6    71    59    19    68
   10.840      272 00100011   0.0063  -0.0071  -0.0045   0.0005    43    32    25    33    1.8   -1.3   -2.7   -2.1    80    73    74    60
   10.880      273 00100011   0.0091   0.0064  -0.0074   0.0009    52    30    22    33    3.4   -1.8   -3.8   -2.1    87    61    51    65
   10.920      274 00100011  -0.0742   0.0048   0.0177   0.0021    44    29    23    37    2.0   -2.1   -3.4   -1.1    76    52     8    48
   10.960      275 00100011   0.0008  -0.0069  -0.0003  -0.0030    36    38    22    32    0.2    0.2   -3.8   -2.4    60    45    37    67
   11.000      276 00100011  -0.0407   0.0124   0.0094   0.0006    38    40    20    36    0.7    0.7   -4.6   -1.3    67    70    40    68
   11.040      277 00100011  -0.0043  -0.0079  -0.0080  -0.0070    41    30    26    33    1.4   -1.8   -2.3   -2.1    73    65    54    49
   11.080      278 00100011   0.1115   0.0078  -0.0399   0.0013    27    33    20    36   -2.3   -1.0   -4.6   -1.3    38    65    16    55
   11.120      279 00100011  -0.0070   0.0074  -0.0019  -0.0015    33    33    26    29   -0.5   -1.0   -2.3   -3.2    55    54    44    64
   11.160      280 00100011  -0.0009   0.0007  -0.0003  -0.0022    32    39    21    32   -0.8    0.5   -4.2   -2.4    63    76    21    40
   11.200      281 00100011  -0.0238   0.0118  -0.0006   0.0046    33    32    24    35   -0.5   -1.3   -3.0   -1.6    39    69    34    51
   11.240      282 00100011   0.0098  -0.0259  -0.0113   0.0066    23    31    23    30   -3.6   -1.5   -3.4   -2.9    25    51    35    41
   11.280      283 00100011   0.0045   0.0143  -0.0006  -0.0068    26    33    27    32   -2.6   -1.0   -2.0   -2.4    24    62    59    50
   11.320      284 00100011  -0.0411  -0.0091  -0.0062  -0.0021    31    36    26    31   -1.1   -0.2   -2.3   -2.6    56    65    39    22
   11.360      285 00100011  -0.0078  -0.0010  -0.0021   0.0036    33    33    22    26   -0.5   -1.0   -3.8   -4.2    43    64    21    57
   11.400      286 00100011   0.0179  -0.0158  -0.0087   0.0023    33    36    25    32   -0.5   -0.2   -2.7   -2.4    33    67    38    47
   11.440      287 00100011   0.0061   0.0234   0.0020  -0.0074    32    45    27    29   -0.8    1.7   -2.0   -3.2    50    76    60    42
   11.480      288 00100011  -0.0025   0.0044   0.0005  -0.0051    36    36    25    31    0.2   -0.2   -2.7   -2.6    60    69    76    61
   11.520      289 00100011  -0.0182  -0.0196  -0.0057   0.0022    27    38    26    35   -2.3    0.2   -2.3   -1.6    38    82    69    60
   11.560      290 00100011  -0.0376  -0.0184  -0.0031   0.0032    33    32    34    39   -0.5   -1.3    0.0   -0.6    49    60    75    39
   11.600      291 00100011   0.0042   0.0064   0.0016  -0.0044    34    26    29    35   -0.3   -3.1   -1.4   -1.6    51    47    70    16
   11.640      292 00100011   0.0071  -0.0038   0.0033   0.0005    32    34    26    25   -0.8   -0.7   -2.3   -4.5    19    69    57    58
   11.680      293 00100011  -0.0194   0.1901  -0.0028  -0.0499    29    35    26    33   -1.6   -0.5   -2.3   -2.1    31    58    44    19
   11.720      294 00100011   0.0193   0.0402  -0.0044  -0.0144    29    42    27    28   -1.6    1.1   -2.0   -3.5    61    76    41    11
   11.760      295 00100011  -0.0190   0.1684  -0.0091  -0.0459    29    31    29    33   -1.6   -1.5   -1.4   -2.1    67    49    42    12
   11.800      296 00100011   0.0038  -0.0231  -0.0059  -0.0129    29    30    27    39   -1.6   -1.8   -2.0   -0.6    29    43    56    53
   11.840      297 00100011  -0.0054  -0.0002  -0.0059   0.0039    30    27    29    36   -1.3   -2.7   -1.4   -1.3    61    32    59    41
   11.880      298 00100011   0.0067  -0.0514  -0.0075  -0.0216    31    24    29    40   -1.1   -3.8   -1.4   -0.4    52    16    69    44
   11.920      299 00100011  -0.0219  -0.0178  -0.0004  -0.0048    31    29    29    35   -1.1   -2.1   -1.4   -1.6    47    34    77    55
   11.960      300 00100011   0.0075  -0.0152  -0.0077  -0.0102    30    25    29    33   -1.3   -3.4   -1.4   -2.1    35    58    75    57
   12.000      301 00100011  -0.0443  -0.0132  -0.0101  -0.0030    33    23    31    28   -0.5   -4.1   -0.8   -3.5    40    47    81    34
   12.040      302 00100011  -0.0060  -0.0146  -0.0032  -0.0063    22    28    29    34   -4.0   -2.4   -1.4   -1.8    50    49    65    35
   12.080      303 00100011  -0.0156   0.0007  -0.0033  -0.0029    28    29    27    37   -1.9   -2.1   -2.0   -1.1    43    55    86    50
   12.120      304 00100011  -0.0074   0.0039  -0.0037  -0.0079    28    26    36    39   -1.9   -3.1    0.5   -0.6    59    28    72    76
   12.160      305 00100011   0.0010  -0.0140  -0.0052  -0.0043    24    29    26    38   -3.3   -2.1   -2.3   -0.9    73    53    84    91
   12.200      306 00100011  -0.0270   0.0090  -0.0057   0.0018    27    26    31    44   -2.3   -3.1   -0.8    0.4    37    52    63    82
   12.240      307 00100011  -0.0076  -0.0053  -0.0036  -0.0003    29    26    35    49   -1.6   -3.1    0.3    1.3    45    59    85    76
   12.280      308 00100011   0.0532  -0.0231   0.0082  -0.0082    23    22    36    49   -3.6   -4.5    0.5    1.3    47    57    75    92
   12.320      309 00100011  -0.0296   0.0165  -0.0088  -0.0002    24    27    32    44   -3.3   -2.7   -0.5    0.4    41    33    73    87
   12.360      310 00100011   0.0314  -0.0259   0.0074  -0.0077    24    26    37    46   -3.3   -3.1    0.7    0.8     7    24    74    78
   12.400      311 00100011  -0.0054  -0.0105  -0.0043  -0.0051    25    27    38    47   -2.9   -2.7    1.0    1.0    39    14    82    82
   12.440      312 00100011  -0.0240   0.0319  -0.0091   0.0052    25    27    40    53   -2.9   -2.7    1.4    2.0    59    25    83    87
   12.480      313 00100011   0.0237   0.0345   0.0010   0.0077    27    26    41    56   -2.3   -3.1    1.6    2.5    48    68    89    93
   12.520      314 00100011   0.0304   0.0226   0.0058   0.0068    26    27    40    66   -2.6   -2.7    1.4    3.9    29    49    85    93
   12.560      315 00100011   0.0396   0.0254   0.0090   0.0044    24    27    41    70   -3.3   -2.7    1.6    4.4    63    31    85    95
   12.600      316 00100011   0.0191   0.0141   0.0048   0.0026    24    27    41    72   -3.3   -2.7    1.6    4.7    38    57    82    94
   12.640      317 00100011   0.0067   0.0507  -0.0005   0.0107    26    25    41    75   -2.6   -3.4    1.6    5.0    18    15    83    95
   12.680      318 00100011   0.0361   0.0149   0.0043   0.0025    27    29    39    82   -2.3   -2.1    1.2    5.8    47    56    85    95
   12.720      319 00100011   0.0128   0.0151  -0.0004   0.0004    21    34    40    84   -4.4   -0.7    1.4    6.0    54    59    78    97
   12.760      320 00100011  -0.0130  -0.0089   0.0010  -0.0043    24    34    39    85   -3.3   -0.7    1.2    6.1    21    37    80    97
   12.800      321 00100011   0.0141   0.0031   0.0028  -0.0032    25    28    37    85   -2.9   -2.4    0.7    6.1    31    53    69    93
   12.840      322 00100011   0.1063  -0.0176   0.0221  -0.0074    24    32    35    81   -3.3   -1.3    0.3    5.7    14    41    67    94
   12.880      323 00100011   0.0073   0.0094   0.0031   0.0001    22    31    27    74   -4.0   -1.5   -2.0    4.9    34    64    90    96
   12.920      324 00100011   0.0428  -0.0121   0.0064  -0.0035    25    32    29    73   -2.9   -1.3   -1.4    4.8    39    66    70    93
   12.960      325 00100011   0.0051   0.0003   0.0013  -0.0043    25    30    28    64   -2.9   -1.8   -1.7    3.7    49    62    52    95
   13.000      326 00100011  -0.2473   0.0017  -0.0765  -0.0030    22    26    26    56   -4.0   -3.1   -2.3    2.5    38    61    60    94
   13.040      327 00100011   0.0306   0.0092   0.0120  -0.0017    28    26    24    52   -1.9   -3.1   -3.0    1.9    31    31    42    84
   13.080      328 00100011  -0.0126  -0.0025  -0.0098  -0.0038    27    31    28    38   -2.3   -1.5   -1.7   -0.9    22    65    75    74
   13.120      329 00100011  -0.0048  -0.0111  -0.0007  -0.0073    32    26    24    37   -0.8   -3.1   -3.0   -1.1    33    27    48    72
   13.160      330 00100011   0.0022  -0.0065  -0.0070  -0.0017    25    30    24    35   -2.9   -1.8   -3.0   -1.6    38    54    47    43
   13.200      331 00100011  -0.0090   0.0078  -0.0024  -0.0058    25    37    25    32   -2.9    0.0   -2.7   -2.4    35    76    77    51
   13.240      332 00100011   0.0145  -0.0140   0.0096   0.0001    24    32    23    25   -3.3   -1.3   -3.4   -4.5    28    45    70    32
   13.280      333 00100011  -0.0226   0.0004  -0.0027   0.0008    29    33    25    25   -1.6   -1.0   -2.7   -4.5    26    61    33    44
   13.320      334 00100011  -0.0092   0.0116  -0.0150  -0.0027    28    34    22    29   -1.9   -0.7   -3.8   -3.2    31    56    65    52
   13.360      335 00100011   0.0449   0.0041  -0.0114   0.0015    30    40    24    29   -1.3    0.7   -3.0   -3.2    52    58    34    42
   13.400      336 00100011   0.0233   0.0147  -0.0220  -0.0087    31    33    21    33   -1.1   -1.0   -4.2   -2.1     6    46    15    21
   13.440      337 00100011   0.0171   0.0238  -0.0144  -0.0045    27    33    20    25   -2.3   -1.0   -4.6   -4.5    61    49    48    52
   13.480      338 00100011   0.0169   0.0392  -0.0102  -0.0091    28    42    21    30   -1.9    1.1   -4.2   -2.9    48    78    17    60
   13.520      339 00100011  -0.0088  -0.0198  -0.0002  -0.0012    27    34    21    28   -2.3   -0.7   -4.2   -3.5    38    72    34    76
   13.560      340 00100011   0.0512   0.0181   0.0150  -0.0020    23    33    22    30   -3.6   -1.0   -3.8   -2.9    43    51    68    28
   13.600      341 00100011  -0.0058   0.0010   0.0128   0.0022    32    33    24    33   -0.8   -1.0   -3.0   -2.1    71    56    55    37
   13.640      342 00100011   0.0741   0.0029   0.0159   0.0026    27    30    21    32   -2.3   -1.8   -4.2   -2.4    23    47    62    65
   13.680      343 00100011   0.0187   0.0082   0.0009  -0.0022    29    31    20    29   -1.6   -1.5   -4.6   -3.2    45    70    33    65
   13.720      344 00100011   0.0255  -0.0034   0.0010   0.0003    30    28    21    29   -1.3   -2.4   -4.2   -3.2    73    45    31    35
   13.760      345 00100011  -0.0384  -0.0065   0.0129   0.0085    30    32    21    29   -1.3   -1.3   -4.2   -3.2    65    64    41    51
   13.800      346 00100011   0.0012  -0.0142  -0.0015  -0.0019    28    35    25    24   -1.9   -0.5   -2.7   -4.9    47    54    67    63
   13.840      347 00100011  -0.0096  -0.0162   0.0043   0.0030    30    30    22    29   -1.3   -1.8   -3.8   -3.2    66    37    51    62
   13.880      348 00100011   0.0071   0.0056   0.0008  -0.0046    25    30    26    29   -2.9   -1.8   -2.3   -3.2    18    51    56    51
   13.920      349 00100011  -0.0202   0.0355   0.0011  -0.0005    25    29    24    27   -2.9   -2.1   -3.0   -3.8    55    56    42    45
   13.960      350 00100011  -0.0068  -0.0401   0.0095   0.0102    30    27    23    29   -1.3   -2.7   -3.4   -3.2    31    45    42    27
   14.000      351 00100011  -0.0005   0.0284   0.0051  -0.0093    30    27    21    33   -1.3   -2.7   -4.2   -2.1    36    60    44    59
   14.040      352 00100011   0.0203   0.0116  -0.0070  -0.0072    30    27    23    28   -1.3   -2.7   -3.4   -3.5    41    61    40    48
   14.080      353 00100011   0.0255   0.0141  -0.0124  -0.0038    29    36    20    27   -1.6   -0.2   -4.6   -3.8    58    64     8    20
   14.120      354 00100011  -0.0659   0.0025   0.0049   0.0022    25    37    19    29   -2.9    0.0   -5.1   -3.2    50    58    21    37
   14.160      355 00100011   0.0175  -0.0045   0.0040   0.0015    28    39    25    34   -1.9    0.5   -2.7   -1.8    27    58    42    57
   14.200      356 00100011  -0.0234  -0.0115   0.0057   0.0000    29    36    22    34   -1.6   -0.2   -3.8   -1.8    34    49    39    60
   14.240      357 00100011   0.0220  -0.0049   0.0048   0.0037    27    40    23    42   -2.3    0.7   -3.4    0.0    41    65    31    64
   14.280      358 00100011   0.0120   0.0114  -0.0009  -0.0006    32    37    27    35   -0.8    0.0   -2.0   -1.6    37    70    71    70
   14.320      359 00100011  -0.0228   0.0104  -0.0025  -0.0033    36    37    21    28    0.2    0.0   -4.2   -3.5    66    50    47    51
   14.360      360 00100011   0.0012  -0.0057  -0.0041   0.0019    34    41    26    31   -0.3    0.9   -2.3   -2.6    80    55    40    57
   14.400      361 00100011   0.0016  -0.0014  -0.0038  -0.0021    41    35    30    43    1.4   -0.5   -1.1    0.2    83    53    60    47
   14.440      362 00100011  -0.0004  -0.0035  -0.0080  -0.0070    42    31    23    26    1.6   -1.5   -3.4   -4.2    82    70    64    57
   14.480      363 00100011  -0.0104  -0.0117  -0.0018  -0.0044    46    31    26    37    2.4   -1.5   -2.3   -1.1    78    68    62    43
   14.520      364 00100011  -0.0017  -0.0069  -0.0044  -0.0069    40    32    29    38    1.2   -1.3   -1.4   -0.9    76    71    47    70
   14.560      365 00100011   0.0089  -0.0008  -0.0075  -0.0002    48    32    24    41    2.7   -1.3   -3.0   -0.2    81    57    49    75
   14.600      366 00100011   0.0034  -0.0061  -0.0059  -0.0066    56    29    31    38    4.1   -2.1   -0.8   -0.9    88    45    70    61
   14.640      367 00100011   0.0153  -0.0231  -0.0073  -0.0040    49    32    22    39    2.9   -1.3   -3.8   -0.6    78    32    34    59
   14.680      368 00100011  -0.0194  -0.0033  -0.0014  -0.0058    39    29    23    45    0.9   -2.1   -3.4    0.6    68    53    59    74
   14.720      369 00100011  -0.0017  -0.0083  -0.0030  -0.0043    36    30    24    44    0.2   -1.8   -3.0    0.4    78    31    50    79
   14.760      370 00100011   0.0038  -0.0134  -0.0071  -0.0095    39    29    21    34    0.9   -2.1   -4.2   -1.8    79    52    27    61
   14.800      371 00100011   0.0167  -0.0003  -0.0067  -0.0105    45    26    27    37    2.2   -3.1   -2.0   -1.1    73    24    67    60
   14.840      372 00100011  -0.0012  -0.0138  -0.0088  -0.0079    33    33    25    39   -0.5   -1.0   -2.7   -0.6    65    64    48    56
   14.880      373 00100011  -0.0021  -0.0027  -0.0087  -0.0070    31    27    28    41   -1.1   -2.7   -1.7   -0.2    65    47    46    64
   14.920      374 00100011   0.0239   0.0116  -0.0077  -0.0031    29    27    29    40   -1.6   -2.7   -1.4   -0.4    48    45    35    66
   14.960      375 00100011  -0.0037   0.0311  -0.0038  -0.0008    30    26    29    37   -1.3   -3.1   -1.4   -1.1    53    45    53    45
   15.000      376 00100011   0.0179   0.0187  -0.0022   0.0096    29    27    25    32   -1.6   -2.7   -2.7   -2.4    43    21    60    50
   15.040      377 00100011  -0.0114  -0.0067  -0.0091  -0.0073    28    24    31    47   -1.9   -3.8   -0.8    1.0    31    26    60    77
   15.080      378 00100011  -0.0048  -0.0134  -0.0050  -0.0138    27    28    29    41   -2.3   -2.4   -1.4   -0.2    55    26    83    69
   15.120      379 00100011  -0.0044   0.0017  -0.0095  -0.0027    27    31    32    56   -2.3   -1.5   -0.5    2.5    37    56    57    80
   15.160      380 00100011  -0.0196  -0.0071   0.0001  -0.0047    35    39    23    49    0.0    0.5   -3.4    1.3    54    67    23    79
   15.200      381 00100011   0.0283   0.0048  -0.0080  -0.0009    35    35    26    41    0.0   -0.5   -2.3   -0.2    55    56    52    65
   15.240      382 00100011   0.0189   0.0011  -0.0061  -0.0056    29    37    24    43   -1.6    0.0   -3.0    0.2    58    78    56    59
   15.280      383 00100011   0.1421  -0.0257  -0.0106  -0.0043    22    31    21    37   -4.0   -1.5   -4.2   -1.1    29    38     6    82
   15.320      384 00100011   0.0093  -0.0007  -0.0088  -0.0070    32    28    28    36   -0.8   -2.4   -1.7   -1.3    63    44    52    56
   15.360      385 00100011   0.0026  -0.0038  -0.0096  -0.0039    30    41    33    32   -1.3    0.9   -0.3   -2.4    36    77    69    56
   15.400      386 00100011   0.0093  -0.0146  -0.0054   0.0020    42    36    28    31    1.6   -0.2   -1.7   -2.6    84    50    73    63
   15.440      387 00100011   0.0108   0.0037  -0.0051  -0.0026    37    37    31    43    0.5    0.0   -0.8    0.2    73    63    71    83
   15.480      388 00100011   0.0197   0.0056  -0.0067  -0.0061    33    38    24    41   -0.5    0.2   -3.0   -0.2    66    64    49    73
   15.520      389 00100011   0.0361   0.0009  -0.0045  -0.0061    32    32    23    40   -0.8   -1.3   -3.4   -0.4    55    63    55    76
   15.560      390 00100011   0.0231  -0.0083  -0.0048  -0.0031    38    40    30    37    0.7    0.7   -1.1   -1.1    71    79    67    61
   15.600      391 00100011   0.0181   0.0031  -0.0050  -0.0070    44    47    34    40    2.0    2.1    0.0   -0.4    76    80    70    74
   15.640      392 00100011   0.0147  -0.0030  -0.0065  -0.0035    45    42    21    43    2.2    1.1   -4.2    0.2    77    80    56    89
   15.680      393 00100011   0.0125  -0.0053  -0.0062  -0.0053    34    32    36    48   -0.3   -1.3    0.5    1.2    81    59    83    81
   15.720      394 00100011   0.0155   0.0033  -0.0042  -0.0044    47    45    39    47    2.6    1.7    1.2    1.0    88    78    85    85
   15.760      395 00100011   0.0193  -0.0182  -0.0049  -0.0070    53    28    28    40    3.6   -2.4   -1.7   -0.4    90    41    67    82
   15.800      396 00100011   0.0291  -0.0111  -0.0061  -0.0051    49    28    22    35    2.9   -2.4   -3.8   -1.6    92    49    44    69
   15.840      397 00100011   0.0548  -0.0059  -0.0136  -0.0052    48    41    22    38    2.7    0.9   -3.8   -0.9    88    71    56    64
   15.880      398 00100011   0.0520  -0.0065  -0.0117  -0.0035    32    44    21    34   -0.8    1.5   -4.2   -1.8    59    81    51    70
   15.920      399 00100011   0.0294  -0.0061  -0.0042  -0.0066    56    35    21    24    4.1   -0.5   -4.2   -4.9    88    87    54    48
   15.960      400 00100011   0.0241  -0.0028  -0.0046  -0.0008    39    35    22    32    0.9   -0.5   -3.8   -2.4    79    46    56    65
   16.000      401 00100011  -0.0025   0.0044  -0.0003  -0.0031    33    30    27    50   -0.5   -1.8   -2.0    1.5    72    67    72    78
   16.040      402 00100011   0.0209  -0.0115  -0.0023  -0.0038    30    29    21    42   -1.3   -2.1   -4.2    0.0    65    53    54    68
   16.080      403 00100011   0.0087  -0.0067   0.0005  -0.0024    32    26    24    50   -0.8   -3.1   -3.0    1.5    60    50    37    78
   16.120      404 00100011   0.0173   0.0102  -0.0030  -0.0022    33    34    29    43   -0.5   -0.7   -1.4    0.2    70    69    46    70
   16.160      405 00100011   0.0071  -0.0223  -0.0049   0.0051    29    33    30    30   -1.6   -1.0   -1.1   -2.9    69    63    68    63
   16.200      406 00100011   0.0127  -0.0024  -0.0002   0.0013    36    42    27    36    0.2    1.1   -2.0   -1.3    60    74    53    58
   16.240      407 00100011   0.0251  -0.0322  -0.0023   0.0074    32    31    20    27   -0.8   -1.5   -4.6   -3.8    69    61    57    30
   16.280      408 00100011   0.0289  -0.0223  -0.0044   0.0007    25    31    25    27   -2.9   -1.5   -2.7   -3.8    48    61    34    34
   16.320      409 00100011   0.0079  -0.0391  -0.0176  -0.0123    29    29    22    32   -1.6   -2.1   -3.8   -2.4    46    35    12    42
   16.360      410 00100011   0.0530   0.0175  -0.0029   0.0034    31    24    26    39   -1.1   -3.8   -2.3   -0.6    50    58    62    74
   16.400      411 00100011   0.0339   0.0125   0.0020   0.0024    27    28    23    34   -2.3   -2.4   -3.4   -1.8    56    39    56    44
   16.440      412 00100011   0.0235  -0.0107  -0.0007   0.0007    29    35    23    36   -1.6   -0.5   -3.4   -1.3    56    53    31    32
   16.480      413 00100011   0.0289   0.0141  -0.0044  -0.0009    31    28    30    36   -1.1   -2.4   -1.1   -1.3    73    48    69    59
   16.520      414 00100011   0.0197   0.0074  -0.0031   0.0042    28    33    32    45   -1.9   -1.0   -0.5    0.6    52    59    77    73
   16.560      415 00100011   0.0468   0.0031   0.0045  -0.0039    32    37    27    53   -0.8    0.0   -2.0    2.0    42    52    55    79
   16.600      416 00100011   0.0302   0.0019  -0.0044  -0.0021    25    42    29    42   -2.9    1.1   -1.4    0.0    42    85    79    79
   16.640      417 00100011   0.0102  -0.0025  -0.0075  -0.0038    22    39    21    41   -4.0    0.5   -4.2   -0.2    70    81    65    47
   16.680      418 00100011   0.0297  -0.0036  -0.0021   0.0012    25    29    24    37   -2.9   -2.1   -3.0   -1.1    65    67    53    56
   16.720      419 00100011   0.0353  -0.0119  -0.0048  -0.0024    33    35    26    44   -0.5   -0.5   -2.3    0.4    62    47    64    62
   16.760      420 00100011   0.0459  -0.0308  -0.0083  -0.0093    23    30    25    56   -3.6   -1.8   -2.7    2.5    57    36    36    34
   16.800      421 00100011   0.0451  -0.0047  -0.0074  -0.0060    27    34    27    36   -2.3   -0.7   -2.0   -1.3    61    57    79    57
   16.840      422 00100011   0.0418  -0.0231   0.0009  -0.0025    28    31    37    46   -1.9   -1.5    0.7    0.8    40    58    86    53
   16.880      423 00100011   0.0510  -0.0101   0.0008  -0.0018    29    41    33    48   -1.6    0.9   -0.3    1.2    37    82    84    81
   16.920      424 00100011   0.0365  -0.0235  -0.0011  -0.0006    33    42    29    35   -0.5    1.1   -1.4   -1.6    62    81    72    53
   16.960      425 00100011   0.0592   0.0153  -0.0032  -0.0031    43    33    32    29    1.8   -1.0   -0.5   -3.2    72    66    70    34
   17.000      426 00100011   0.0398   0.0078  -0.0040  -0.0038    40    34    68    25    1.2   -0.7    6.0   -4.5    65    61    91    34
   17.040      427 00100011   0.0402  -0.0121  -0.0043  -0.0038    38    45    88    59    0.7    1.7    8.3    3.0    67    79    96    90
   17.080      428 00100011   0.0398  -0.0067  -0.0037  -0.0037    45    66    61    64    2.2    5.0    5.1    3.7    83    90    96    96
   17.120      429 00100011   0.0257  -0.0081  -0.0027  -0.0044    47    61    28    80    2.6    4.3   -1.7    5.6    90    85    67    95
   17.160      430 00100011   0.0347  -0.0047  -0.0052  -0.0070    65    53    27    35    5.4    3.1   -2.0   -1.6    93    85    57    69
   17.200      431 00100011   0.0165  -0.0277  -0.0094   0.0012    33    31    27    29   -0.5   -1.5   -2.0   -3.2    51    53    15    34
   17.240      432 00100011   0.0402  -0.0382  -0.0041  -0.0008    31    29    23    29   -1.1   -2.1   -3.4   -3.2    52    44    15    34
   17.280      433 00100011   0.0520  -0.0041  -0.0108  -0.0179    31    27    22    26   -1.1   -2.7   -3.8   -4.2    53    48    56    14
   17.320      434 00100011   0.0451   0.0453  -0.0101  -0.0203    31    40    27    27   -1.1    0.7   -2.0   -3.8    62    79    66    53
   17.360      435 00100011   0.0476  -0.0125  -0.0112  -0.0061    40    71    20    37    1.2    5.7   -4.6   -1.1    71    93    57    51
   17.400      436 00100011   0.0504   0.0092  -0.0136  -0.0113    40    67    21    32    1.2    5.2   -4.2   -2.4    80    93    49    43
   17.440      437 00100011   0.0422  -0.0048  -0.0112  -0.0111    52    46    26    31    3.4    1.9   -2.3   -2.6    89    89    45    32
   17.480      438 00100011   0.0398   0.0147  -0.0093  -0.0207    34    28    25    29   -0.3   -2.4   -2.7   -3.2    65    57    52    30
   17.520      439 00100011   0.0541  -0.0085  -0.0094  -0.0080    35    34    29    30    0.0   -0.7   -1.4   -2.9    49    74    67    59
   17.560      440 00100011   0.0255  -0.0082  -0.0028  -0.0178    32    31    40    38   -0.8   -1.5    1.4   -0.9    42    57    82    59
   17.600      441 00100011   0.0431  -0.0301  -0.0073  -0.0109    36    31    31    46    0.2   -1.5   -0.8    0.8    69    40    74    70
   17.640      442 00100011   0.0574   0.0623  -0.0154   0.0085    35    24    24    38    0.0   -3.8   -3.0   -0.9    60    25    55    84
   17.680      443 00100011   0.0297  -0.0144  -0.0139  -0.0086    32    26    33    62   -0.8   -3.1   -0.3    3.4    35    45    82    86
   17.720      444 00100011   0.0538   0.0029  -0.0053  -0.0071    25    26    31    53   -2.9   -3.1   -0.8    2.0    41    34    73    80
   17.760      445 00100011   0.0537  -0.0095  -0.0106  -0.0099    38    28    25    38    0.7   -2.4   -2.7   -0.9    68    45    55    71
   17.800      446 00100011   0.0538  -0.0336  -0.0067  -0.0198    39    27    23    33    0.9   -2.7   -3.4   -2.1    59    46    37    63
   17.840      447 00100011   0.0439  -0.0013  -0.0174  -0.0186    29    28    24    28   -1.6   -2.4   -3.0   -3.5    58    49    59    30
   17.880      448 00100011   0.0413   0.0187  -0.0186  -0.0125    26    25    35    31   -2.6   -3.4    0.3   -2.6    34    25    81    58
   17.920      449 00100011   0.0469  -0.0083  -0.0007  -0.0081    25    25    24    58   -2.9   -3.4   -3.0    2.8    53    39    50    81
   17.960      450 00100011   0.0900  -0.0029  -0.0223  -0.0164    31    28    21    33   -1.1   -2.4   -4.2   -2.1    54    49    42    52
   18.000      451 00100011   0.0396   0.0011  -0.0089  -0.0206    27    27    20    29   -2.3   -2.7   -4.6   -3.2    22    33    68    25
   18.040      452 00100011   0.0263   0.0143  -0.0281  -0.0120    27    33    24    31   -2.3   -1.0   -3.0   -2.6     6    51    60    65
   18.080      453 00100011   0.0732  -0.0130  -0.0171  -0.0117    28    31    20    28   -1.9   -1.5   -4.6   -3.5    48    71    34    43
   18.120      454 00100011   0.0394  -0.0263  -0.0055  -0.0120    23    25    31    33   -3.6   -3.4   -0.8   -2.1    12    29    60    63
   18.160      455 00100011   0.0759  -0.0397  -0.0058  -0.0221    31    28    35    41   -1.1   -2.4    0.3   -0.2    37    13    83    64
   18.200      456 00100011   0.0433  -0.0144  -0.0101  -0.0131    32    31    38    63   -0.8   -1.5    1.0    3.5    48    57    77    90
   18.240      457 00100011   0.0530  -0.0200  -0.0128  -0.0164    34    37    35    64   -0.3    0.0    0.3    3.7    41    53    63    91
   18.280      458 00100011   0.0592   0.0086  -0.0253  -0.0171    27    36    25    36   -2.3   -0.2   -2.7   -1.3    15    62    28    44
   18.320      459 00100011   0.0249  -0.0130  -0.0147  -0.0177    24    40    25    38   -3.3    0.7   -2.7   -0.9    30    77    58    76
   18.360      460 00100011   0.0637  -0.0158  -0.0191  -0.0161    29    38    24    33   -1.6    0.2   -3.0   -2.1    48    84    64    77
   18.400      461 00100011   0.0586   0.0072  -0.0184  -0.0134    29    42    25    31   -1.6    1.1   -2.7   -2.6    33    67    56    23
   18.440      462 00100011   0.0398  -0.0144  -0.0153  -0.0129    31    48    27    36   -1.1    2.3   -2.0   -1.3    72    87    53    62
   18.480      463 00100011   0.0417  -0.0046  -0.0167  -0.0079    33    33    22    43   -0.5   -1.0   -3.8    0.2    61    51    42    65
   18.520      464 00100011   0.0510  -0.0544  -0.0119  -0.0157    32    28    26    27   -0.8   -2.4   -2.3   -3.8    58    44    65    54
   18.560      465 00100011   0.0351  -0.0421  -0.0163  -0.0149    27    28    23    28   -2.3   -2.4   -3.4   -3.5    52    38    51    28
   18.600      466 00100011   0.0545   0.0029  -0.0155  -0.0196    28    36    25    28   -1.9   -0.2   -2.7   -3.5    62    70    83    31
   18.640      467 00100011   0.0506  -0.0152  -0.0114  -0.0166    35    45    22    40    0.0    1.7   -3.8   -0.4    71    86    57    58
   18.680      468 00100011   0.0586  -0.0094  -0.0159  -0.0145    45    59    20    29    2.2    4.1   -4.6   -3.2    83    88    64    66
   18.720      469 00100011   0.0478  -0.0140  -0.0142  -0.0140    49    52    30    47    2.9    3.0   -1.1    1.0    89    84    60    76
   18.760      470 00100011   0.0486  -0.0113  -0.0154  -0.0145    41    27    26    35    1.4   -2.7   -2.3   -1.6    71    64    39    64
   18.800      471 00100011   0.0543  -0.0001  -0.0178  -0.0149    38    29    28    64    0.7   -2.1   -1.7    3.7    70    54    64    88
   18.840      472 00100011   0.0524   0.0165  -0.0170  -0.0095    32    32    38    49   -0.8   -1.3    1.0    1.3    61    43    79    80
   18.880      473 00100011   0.0309  -0.0102  -0.0198  -0.0184    31    38    24    53   -1.1    0.2   -3.0    2.0    57    54    29    86
   18.920      474 00100011   0.0572  -0.0025  -0.0195  -0.0196    37    70    27    42    0.5    5.5   -2.0    0.0    72    76    58    81
   18.960      475 00100011   0.0539  -0.0005  -0.0183  -0.0208    44    47    26    41    2.0    2.1   -2.3   -0.2    84    91    70    81
   19.000      476 00100011   0.0894  -0.0066  -0.0313  -0.0195    31    33    22    41   -1.1   -1.0   -3.8   -0.2    58    64    36    59
   19.040      477 00100011   0.0506  -0.0206  -0.0194  -0.0129    34    55    25    31   -0.3    3.4   -2.7   -2.6    53    84    41    49
   19.080      478 00100011   0.0506  -0.0144  -0.0177  -0.0199    65    60    26    43    5.4    4.2   -2.3    0.2    90    89    39    71
   19.120      479 00100011   0.1219  -0.0409  -0.0382  -0.0117    58    28    17    25    4.4   -2.4   -6.0   -4.5    89    60    41    22
   19.160      480 00100011   0.0602  -0.0126  -0.0202  -0.0266    30    23    27    30   -1.3   -4.1   -2.0   -2.9    36    43    48    32
   19.200      481 00100011   0.0596  -0.0052  -0.0163  -0.0162    27    33    34    36   -2.3   -1.0    0.0   -1.3    22    69    84    52
   19.240      482 00100011   0.0388  -0.0176  -0.0214  -0.0181    27    32    46    29   -2.3   -1.3    2.6   -3.2    74    39    86    66
   19.280      483 00100011   0.0674  -0.0210  -0.0118  -0.0198    29    31    33    29   -1.6   -1.5   -0.3   -3.2    53    68    77    48
   19.320      484 00100011   0.0445  -0.0027  -0.0162  -0.0174    40    29    39    49    1.2   -2.1    1.2    1.3    78    37    88    88
   19.360      485 00100011   0.0478  -0.0098  -0.0154  -0.0177    42    32    29    48    1.6   -1.3   -1.4    1.2    85    57    73    83
   19.400      486 00100011   0.0488  -0.0320  -0.0212  -0.0217    34    27    33    56   -0.3   -2.7   -0.3    2.5    34    41    85    89
   19.440      487 00100011   0.0398  -0.0221  -0.0177  -0.0213    35    29    31    76    0.0   -2.1   -0.8    5.2    75    37    65    96
   19.480      488 00100011   0.0970  -0.0231  -0.0298  -0.0225    27    33    25    49   -2.3   -1.0   -2.7    1.3    39    62    28    73
   19.520      489 00100011   0.0688  -0.0142  -0.0188  -0.0197    28    29    22    47   -1.9   -2.1   -3.8    1.0    54    39    54    71
   19.560      490 00100011   0.0239  -0.0206  -0.0215  -0.0152    27    28    26    35   -2.3   -2.4   -2.3   -1.6    49    41    81    63
   19.600      491 00100011   0.0612  -0.0096  -0.0220  -0.0184    34    34    45    36   -0.3   -0.7    2.4   -1.3    84    61    90    74
   19.640      492 00100011   0.0522  -0.0110  -0.0177  -0.0178    46    28    35    79    2.4   -2.4    0.3    5.5    87    56    86    86
   19.680      493 00100011   0.0570  -0.0134  -0.0172  -0.0166    60    35    24    35    4.7   -0.5   -3.0   -1.6    94    47    40    74
   19.720      494 00100011   0.0496  -0.0352  -0.0213  -0.0144    41    32    37    25    1.4   -1.3    0.7   -4.5    77    41    85    36
   19.760      495 00100011   0.0535  -0.0190  -0.0211  -0.0247    36    37    53    48    0.2    0.0    3.9    1.2    63    53    94    87
   19.800      496 00100011   0.0588  -0.0143  -0.0230  -0.0248    44    50    67    67    2.0    2.6    5.9    4.1    79    84    94    88
   19.840      497 00100011   0.0541  -0.0078  -0.0240  -0.0228    67    42    48    97    5.6    1.1    3.0    7.3    95    63    86    96
   19.880      498 00100011   0.0411  -0.0021  -0.0222  -0.0235    38    31    30    53    0.7   -1.5   -1.1    2.0    65    58    60    89
   19.920      499 00100011   0.0396  -0.0088  -0.0211  -0.0184    27    32    29    30   -2.3   -1.3   -1.4   -2.9    64    51    74    54
   19.960      500 00100011   0.0384  -0.0090  -0.0277  -0.0241    24    46    74    49   -3.3    1.9    6.8    1.3    66    78    96    76
   20.000      501 00100011   0.0592  -0.0011  -0.0247  -0.0242    59    55   129   123    4.5    3.4   11.6    9.3    91    88    96    97
   20.040      502 00100011   0.0527  -0.0035  -0.0260  -0.0258    73   115   114   108    6.4    9.8   10.5    8.2    95    97    98    97
   20.080      503 00100011   0.0626  -0.0029  -0.0236  -0.0259    97    96    70    72    8.9    8.3    6.3    4.7    94    97    95    93
   20.120      504 00100011   0.0472   0.0044  -0.0277  -0.0284    71    42    42    48    6.1    1.1    1.8    1.2    90    85    86    88
   20.160      505 00100011   0.0586   0.0019  -0.0242  -0.0276    34    36    41    79   -0.3   -0.2    1.6    5.5    69    76    86    94
   20.200      506 00100011   0.0632  -0.0141  -0.0262  -0.0314    30    34    31    49   -1.3   -0.7   -0.8    1.3    59    71    70    83
   20.240      507 00100011   0.0746   0.0092  -0.0280  -0.0235    29    32    22    36   -1.6   -1.3   -3.8   -1.3    64    51    62    79
   20.280      508 00100011   0.0531   0.0141  -0.0348  -0.0299    32    25    29    45   -0.8   -3.4   -1.4    0.6    62    37    75    74
   20.320      509 00100011  -0.0040   0.0027  -0.0408  -0.0348    28    27    30    37   -1.9   -2.7   -1.1   -1.1    44    50    57    70
   20.360      510 00100011   0.0482  -0.0167  -0.0336  -0.0373    33    24    25    37   -0.5   -3.8   -2.7   -1.1    66    56    72    84
   20.400      511 00100011   0.0650  -0.0141  -0.0355  -0.0344    35    42    37    88    0.0    1.1    0.7    6.4    78    68    87    94
   20.440      512 00100011   0.0271  -0.0201  -0.0360  -0.0382    34    38    26    38   -0.3    0.2   -2.3   -0.9    71    62    22    88
   20.480      513 00100011   0.0738  -0.0777  -0.0271  -0.0452    29    27    26    33   -1.6   -2.7   -2.3   -2.1    33    43    22    64
   20.520      514 00100011  -0.0114  -0.0727  -0.0525  -0.0459    28    41    27    30   -1.9    0.9   -2.0   -2.9    33    60    41    39
   20.560      515 00100011   0.0381   0.0165  -0.0416  -0.0509    24    26    24    33   -3.3   -3.1   -3.0   -2.1    11    19    81    55
   20.600      516 00100011  -0.0092  -0.1880  -0.0317  -0.0080    36    24    21    23    0.2   -3.8   -4.2   -5.2    68    52    32    39
   20.640      517 00100011   0.0235  -0.2238  -0.0367  -0.0035    35    28    21    26    0.0   -2.4   -4.2   -4.2    61    20    24    60
   20.680      518 00100011   0.0391  -0.1060  -0.0732  -0.0501    25    23    18    27   -2.9   -4.1   -5.5   -3.8    45    24     4     6
   20.720      519 00100011   0.0345  -0.0392  -0.0492  -0.0759    29    25    17    29   -1.6   -3.4   -6.0   -3.2    43    34    35     4
   20.760      520 00100011   0.0209  -0.0601  -0.0493  -0.0323    29    29    21    26   -1.6   -2.1   -4.2   -4.2    62    32    24    39
   20.800      521 00100011   0.0018   0.0078  -0.0298  -0.0257    35    27    31    44    0.0   -2.7   -0.8    0.4    39    40    56    72
   20.840      522 00100011   0.0114  -0.0480  -0.0253  -0.0182    30    36    38    39   -1.3   -0.2    1.0   -0.6    78    69    80    69
   20.880      523 00100011   0.0193  -0.0607  -0.0163  -0.0140    32    62    31    56   -0.8    4.5   -0.8    2.5    75    89    57    83
   20.920      524 00100011   0.0373  -0.0782  -0.0216  -0.0197    31    43    25    41   -1.1    1.3   -2.7   -0.2    42    65    32    38
   20.960      525 00100011   0.0407  -0.0720  -0.0342  -0.0233    37    30    21    26    0.5   -1.8   -4.2   -4.2    69    43    12    43
   21.000      526 00100011   0.0000  -0.0399  -0.0190  -0.0182    27    29    26    32   -2.3   -2.1   -2.3   -2.4    30    35    64    44
   21.040      527 00100011  -0.0147  -0.0536  -0.0264  -0.0316    29    28    36    29   -1.6   -2.4    0.5   -3.2    44    43    77    42
   21.080      528 00100011  -0.0038  -0.0429  -0.0293  -0.0301    38    32    67    60    0.7   -1.3    5.9    3.1    60    30    94    89
   21.120      529 00100011   0.0292   0.0082  -0.0197  -0.0175    61    55    88    88    4.8    3.4    8.3    6.4    64    87    97    95
   21.160      530 00100011   0.0279   0.0278  -0.0140  -0.0157    66    84    44    73    5.5    7.1    2.2    4.8    87    94    89    84
   21.200      531 00100011   0.0349   0.0078  -0.0051   0.0006    96    90    29    48    8.8    7.7   -1.4    1.2    95    93    65    64
   21.240      532 00100011   0.0248  -0.0257   0.0185   0.0152    59    39    19    29    4.5    0.5   -5.1   -3.2    83    72    45    56
   21.280      533 00100011   0.0510   0.0046  -0.0004   0.0040    30    25    24    28   -1.3   -3.4   -3.0   -3.5    70    58    49    68
   21.320      534 00100011   0.0639   0.0030   0.0101   0.0059    28    30    23    33   -1.9   -1.8   -3.4   -2.1    43    74    49    73
   21.360      535 00100011   0.0661  -0.0109   0.0023  -0.0019    28    30    38    38   -1.9   -1.8    1.0   -0.9    51    65    80    72
   21.400      536 00100011   0.0749   0.0023  -0.0001   0.0020    40    36    31    62    1.2   -0.2   -0.8    3.4    70    62    81    89
   21.440      537 00100011   0.0731  -0.0036  -0.0043  -0.0029    34    38    28    55   -0.3    0.2   -1.7    2.3    73    75    69    83
   21.480      538 00100011   0.0692  -0.0049  -0.0027  -0.0048    44    47    35    48    2.0    2.1    0.3    1.2    86    86    89    91
   21.520      539 00100011   0.0580   0.0013  -0.0047  -0.0057    31    32    28    47   -1.1   -1.3   -1.7    1.0    64    64    75    87
   21.560      540 00100011   0.0574  -0.0013  -0.0082  -0.0052    26    29    29    46   -2.6   -2.1   -1.4    0.8    46    45    64    87
   21.600      541 00100011   0.0715  -0.0172  -0.0097  -0.0081    28    27    26    34   -1.9   -2.7   -2.3   -1.8    60    40    63    61
   21.640      542 00100011   0.0715  -0.0081  -0.0083   0.0008    27    28    21    33   -2.3   -2.4   -4.2   -2.1    41    73    68    52
   21.680      543 00100011   0.0668   0.0096  -0.0017  -0.0058    35    36    24    37    0.0   -0.2   -3.0   -1.1    81    86    54    79
   21.720      544 00100011   0.0743  -0.0019  -0.0067  -0.0041    36    40    32    43    0.2    0.7   -0.5    0.2    57    87    76    82
   21.760      545 00100011   0.0780   0.0029  -0.0068  -0.0038    46    86    46    49    2.4    7.3    2.6    1.3    66    95    87    80
   21.800      546 00100011   0.0514  -0.0115  -0.0032  -0.0061    67   105    26    40    5.6    9.1   -2.3   -0.4    97    98    63    55
   21.840      547 00100011   0.0649   0.0167  -0.0071  -0.0133    55    54    24    27    3.9    3.3   -3.0   -3.8    92    88    62    34
   21.880      548 00100011   0.0369   0.0001  -0.0087  -0.0062    31    26    21    28   -1.1   -3.1   -4.2   -3.5    76    65    61    66
   21.920      549 00100011   0.0570  -0.0007  -0.0074  -0.0034    27    37    27    43   -2.3    0.0   -2.0    0.2    38    82    71    83
   21.960      550 00100011   0.0351   0.0009   0.0033  -0.0085    41    51    21    45    1.4    2.8   -4.2    0.6    78    85    53    62
   22.000      551 00100011   0.0404   0.0052  -0.0064  -0.0069    36    52    26    33    0.2    3.0   -2.3   -2.1    78    85    60    63
   22.040      552 00100011   0.0656  -0.0042  -0.0090  -0.0052    46    57    64    59    2.4    3.8    5.5    3.0    86    87    91    91
   22.080      553 00100011   0.0733   0.0007  -0.0067  -0.0082    41    70    55    80    1.4    5.5    4.2    5.6    79    96    90    95
   22.120      554 00100011   0.0911   0.0175  -0.0110  -0.0066    38    42    26    55    0.7    1.1   -2.3    2.3    78    76    38    80
   22.160      555 00100011   0.0831  -0.0009  -0.0064  -0.0073    31    50    23    40   -1.1    2.6   -3.4   -0.4    48    87    70    66
   22.200      556 00100011   0.1376  -0.0017   0.0045  -0.0154    26    33    34    45   -2.6   -1.0    0.0    0.6    21    48    70    70
   22.240      557 00100011   0.0731   0.0418  -0.0030  -0.0040    35    24    28    33    0.0   -3.8   -1.7   -2.1    65    33    74    33
   22.280      558 00100011   0.0743   0.0238  -0.0095  -0.0015    30    28    44    50   -1.3   -2.4    2.2    1.5    50    43    89    87
   22.320      559 00100011   0.0788   0.0195  -0.0104  -0.0109    57    39    29    42    4.2    0.5   -1.4    0.0    88    66    48    55
   22.360      560 00100011   0.0476  -0.0168  -0.0046  -0.0055    41    26    25    29    1.4   -3.1   -2.7   -3.2    61    59    43    61
   22.400      561 00100011   0.0715  -0.0093  -0.0114  -0.0097    29    27    37    79   -1.6   -2.7    0.7    5.5    45    40    70    94
   22.440      562 00100011   0.0680  -0.0025  -0.0151  -0.0089    28    24    29    47   -1.9   -3.8   -1.4    1.0    36    37    77    80
   22.480      563 00100011   0.0903  -0.0174  -0.0216  -0.0143    27    29    24    43   -2.3   -2.1   -3.0    0.2    49    49    37    54
   22.520      564 00100011   0.0496  -0.0052  -0.0082  -0.0092    34    68    28    39   -0.3    5.3   -1.7   -0.6    87    95    69    65
   22.560      565 00100011   0.0482  -0.0142  -0.0095  -0.0090    43    51    36    45    1.8    2.8    0.5    0.6    84    83    73    70
   22.600      566 00100011   0.0706   0.0062  -0.0147  -0.0109    39    54    30    49    0.9    3.3   -1.1    1.3    74    90    65    81
   22.640      567 00100011   0.0651  -0.0009  -0.0059  -0.0071    38    51    21    37    0.7    2.8   -4.2   -1.1    84    85    25    61
   22.680      568 00100011   0.0125   0.0042  -0.0019  -0.0107    32    46    19    39   -0.8    1.9   -5.1   -0.6    59    82    19    66
   22.720      569 00100011   0.0510  -0.0077  -0.0116  -0.0078    27    30    20    26   -2.3   -1.8   -4.6   -4.2    51    38    40    37
   22.760      570 00100011   0.1308   0.1609  -0.0255  -0.0252    23    24    21    26   -3.6   -3.8   -4.2   -4.2    18    17    51     8
   22.800      571 00100011   0.1232  -0.0113  -0.0067  -0.0094    23    29    32    35   -3.6   -2.1   -0.5   -1.6    25    49    52    60
   22.840      572 00100011  -0.0247  -0.0104  -0.0342  -0.0177    26    29    33    49   -2.6   -2.1   -0.3    1.3    34    33    70    64
   22.880      573 00100011   0.0780  -0.0215  -0.0134  -0.0119    32    40    25    45   -0.8    0.7   -2.7    0.6    77    70    47    71
   22.920      574 00100011   0.0380  -0.0041  -0.0012  -0.0060    28    30    20    29   -1.9   -1.8   -4.6   -3.2    40    54    47    69
   22.960      575 00100011   0.0527  -0.0025  -0.0170  -0.0043    27    28    20    25   -2.3   -2.4   -4.6   -4.5    43    28    58    30
   23.000      576 00100011   0.1465  -0.0069  -0.0261  -0.0078    32    26    22    27   -0.8   -3.1   -3.8   -3.8    50    35     0    22
   23.040      577 00100011   0.0997  -0.0082  -0.0063  -0.0192    25    34    23    27   -2.9   -0.7   -3.4   -3.8    12    34    40    43
   23.080      578 00100011   0.0624  -0.0263  -0.0180  -0.0080    21    37    24    31   -4.4    0.0   -3.0   -2.6    33    64    27    75
   23.120      579 00100011   0.0919  -0.0087  -0.0088  -0.0126    34    51    29    42   -0.3    2.8   -1.4    0.0    38    79    70    82
   23.160      580 00100011   0.0795  -0.0017  -0.0085  -0.0098    34    33    50    63   -0.3   -1.0    3.3    3.5    71    56    89    91
   23.200      581 00100011   0.0764   0.0005  -0.0128  -0.0122    82    96    37    70    7.4    8.3    0.7    4.4    94    91    77    84
   23.240      582 00100011   0.0692  -0.0009  -0.0121  -0.0107    98    58    24    53    8.9    3.9   -3.0    2.0    97    85    26    76
   23.280      583 00100011   0.0219   0.0031  -0.0010  -0.0044    59    28    21    28    4.5   -2.4   -4.2   -3.5    93    41    20    55
   23.320      584 00100011   0.1021   0.0159  -0.0195  -0.0036    28    28    24    35   -1.9   -2.4   -3.0   -1.6    30    15    51    55
   23.360      585 00100011   0.0831   0.0418  -0.0030   0.0041    23    27    34    46   -3.6   -2.7    0.0    0.8    49    14    75    68
   23.400      586 00100011   0.0721   0.0001  -0.0102  -0.0084    37    64    90   107    0.5    4.8    8.5    8.1    80    92    97    97
   23.440      587 00100011   0.0756  -0.0044  -0.0116  -0.0102    58    94    82   130    4.4    8.1    7.6    9.8    86    94    94    98
   23.480      588 00100011   0.0770  -0.0029  -0.0115  -0.0100   109    66    53    78    9.9    5.0    3.9    5.4    96    91    92    92
   23.520      589 00100011   0.0698  -0.0071  -0.0095  -0.0084    65    62    36    50    5.4    4.5    0.5    1.5    91    90    76    89
   23.560      590 00100011   0.0520  -0.0132  -0.0113  -0.0088    40    42    21    34    1.2    1.1   -4.2   -1.8    58    83    64    59
   23.600      591 00100011   0.0760   0.0133  -0.0132  -0.0039    34    29    21    46   -0.3   -2.1   -4.2    0.8    54    50    59    70
   23.640      592 00100011   0.0026  -0.0405   0.0118  -0.0019    26    24    20    28   -2.6   -3.8   -4.6   -3.5    55    55    52    58
   23.680      593 00100011   0.0869  -0.0085  -0.0048  -0.0038    29    26    26    32   -1.6   -3.1   -2.3   -2.4    43    65    25    42
   23.720      594 00100011   0.0253  -0.0089  -0.0107  -0.0009    23    29    44    34   -3.6   -2.1    2.2   -1.8    33    51    85    57
   23.760      595 00100011   0.0749   0.0112  -0.0072  -0.0102    34    40    24    32   -0.3    0.7   -3.0   -2.4    47    69    54    51
   23.800      596 00100011   0.0592   0.0029  -0.0056  -0.0042    43    43    22    33    1.8    1.3   -3.8   -2.1    78    73    53    83
   23.840      597 00100011   0.0460  -0.0025   0.0005  -0.0067    43    40    24    39    1.8    0.7   -3.0   -0.6    74    70    41    76
   23.880      598 00100011   0.0686  -0.0140  -0.0070  -0.0155    29    27    25    38   -1.6   -2.7   -2.7   -0.9    45    57    65    71
   23.920      599 00100011   0.0633  -0.0374  -0.0164  -0.0137    32    28    25    36   -0.8   -2.4   -2.7   -1.3    57    67    70    55
   23.960      600 00100011   0.0788   0.0591  -0.0163  -0.0197    43    42    24    30    1.8    1.1   -3.0   -2.9    82    70    35    30
   24.000      601 00100011   0.0650  -0.0306  -0.0110  -0.0038    42    36    36    30    1.6   -0.2    0.5   -2.9    83    61    44    80
   24.040      602 00100011   0.0558  -0.0001  -0.0110  -0.0098    41    85    55    47    1.4    7.2    4.2    1.0    80    97    88    91
   24.080      603 00100011   0.0574   0.0039  -0.0116  -0.0113    47   119    38    43    2.6   10.1    1.0    0.2    86    98    77    64
   24.120      604 00100011   0.0590  -0.0050  -0.0164  -0.0111    43    63    31    48    1.8    4.6   -0.8    1.2    83    79    80    87
   24.160      605 00100011   0.0622  -0.0023  -0.0142  -0.0139    53    36    35    40    3.6   -0.2    0.3   -0.4    83    72    70    72
   24.200      606 00100011   0.0953   0.0054  -0.0152  -0.0114    34    41    28    31   -0.3    0.9   -1.7   -2.6    72    49    52    52
   24.240      607 00100011   0.0694   0.0145  -0.0105  -0.0066    32    34    34    46   -0.8   -0.7    0.0    0.8    45    59    69    69
   24.280      608 00100011   0.0698   0.0031  -0.0104  -0.0082    31    48    42    58   -1.1    2.3    1.8    2.8    22    77    85    82
   24.320      609 00100011   0.0700  -0.0105  -0.0079  -0.0064    36    35    33    38    0.2   -0.5   -0.3   -0.9    65    53    53    52
   24.360      610 00100011   0.0351  -0.0115  -0.0062  -0.0064    34    45    24    40   -0.3    1.7   -3.0   -0.4    42    81    64    70
   24.400      611 00100011   0.0658   0.0029  -0.0042  -0.0051    36    33    28    60    0.2   -1.0   -1.7    3.1    58    70    62    93
   24.440      612 00100011   0.0516   0.0096  -0.0033  -0.0065    40    49    26    30    1.2    2.4   -2.3   -2.9    83    87    64    46
   24.480      613 00100011   0.0694   0.0072  -0.0031  -0.0038    35    31    29    35    0.0   -1.5   -1.4   -1.6    53    55    55    39
   24.520      614 00100011   0.0629   0.0015  -0.0029  -0.0018    42    45    29    45    1.6    1.7   -1.4    0.6    82    74    87    80
   24.560      615 00100011   0.0532   0.0100   0.0013  -0.0040    78    63    31    43    7.0    4.6   -0.8    0.2    96    94    73    71
   24.600      616 00100011   0.0600   0.0012  -0.0017   0.0024    54    58    28    37    3.8    3.9   -1.7   -1.1    92    82    65    63
   24.640      617 00100011   0.0291   0.0023   0.0021  -0.0008    46    50    31    33    2.4    2.6   -0.8   -2.1    81    84    76    42
   24.680      618 00100011   0.0686   0.0442  -0.0117  -0.0105    34    42    24    29   -0.3    1.1   -3.0   -3.2    71    79    39     7
   24.720      619 00100011   0.0496   0.0066  -0.0050  -0.0003    26    35    16    27   -2.6   -0.5   -6.5   -3.8    47    63    80    61
   24.760      620 00100011   0.0715   0.0066  -0.0185  -0.0083    32    35    21    39   -0.8   -0.5   -4.2   -0.6    74    21     2    34
   24.800      621 00100011   0.0731  -0.0093  -0.0130  -0.0053    30    35    20    23   -1.3   -0.5   -4.6   -5.2    25    64    35    39
   24.840      622 00100011   0.0100   0.0214  -0.0145  -0.0096    30    36    34    27   -1.3   -0.2    0.0   -3.8    31    43    76    45
   24.880      623 00100011   0.0635  -0.0010  -0.0010  -0.0003    26    28    58    41   -2.6   -2.4    4.6   -0.2    67    79    96    92
   24.920      624 00100011   0.0686  -0.0007   0.0005  -0.0025    31    46    83   112   -1.1    1.9    7.8    8.5    41    87    95    98
   24.960      625 00100011   0.0484   0.0025  -0.0029  -0.0034    51    85    50   119    3.3    7.2    3.3    9.0    73    97    87    98
   25.000      626 00100011   0.0682   0.0066  -0.0032  -0.0054    45    24    22    65    2.2   -3.8   -3.8    3.8    66    37    36    84
   25.040      627 00100011   0.0404   0.0118   0.0032  -0.0073    37    35    24    31    0.5   -0.5   -3.0   -2.6    73    72    70    23
   25.080      628 00100011   0.0418  -0.0049  -0.0043  -0.0013    36    47    28    40    0.2    2.1   -1.7   -0.4    68    80    73    80
   25.120      629 00100011   0.0751  -0.0125   0.0055  -0.0095    32    32    33    76   -0.8   -1.3   -0.3    5.2    41    45    69    90
   25.160      630 00100011   0.0494  -0.0001  -0.0024  -0.0052    28    37    36    44   -1.9    0.0    0.5    0.4    64    74    81    70
   25.200      631 00100011   0.0390   0.0041  -0.0068  -0.0009    32    36    59    96   -0.8   -0.2    4.8    7.2    72    74    95    95
   25.240      632 00100011   0.0502  -0.0007  -0.0030  -0.0028    67   100    41   110    5.6    8.6    1.6    8.4    91    98    89    97
   25.280      633 00100011   0.0451  -0.0026  -0.0022  -0.0021    92   105    39    49    8.4    9.1    1.2    1.3    96    97    78    78
   25.320      634 00100011   0.0556  -0.0053  -0.0038  -0.0011    83    57    26    38    7.5    3.8   -2.3   -0.9    96    86    75    52
   25.360      635 00100011   0.0656  -0.0045  -0.0072  -0.0047    78    39    34    31    7.0    0.5    0.0   -2.6    92    76    72    68
   25.400      636 00100011   0.0610   0.0070  -0.0042  -0.0045    63    62    32    42    5.1    4.5   -0.5    0.0    86    95    67    74
   25.440      637 00100011   0.0654  -0.0021  -0.0056  -0.0037    55    61    26    58    3.9    4.3   -2.3    2.8    90    91    57    84
   25.480      638 00100011   0.0457  -0.0109  -0.0058  -0.0076    40    36    25    40    1.2   -0.2   -2.7   -0.4    83    60    75    68
   25.520      639 00100011   0.0402   0.0210  -0.0035  -0.0116    30    40    20    31   -1.3    0.7   -4.6   -2.6    66    81    39    30
   25.560      640 00100011   0.0708  -0.0109  -0.0114  -0.0025    38    33    26    34    0.7   -1.0   -2.3   -1.8    74    61    46    61
   25.600      641 00100011   0.1106   0.0120   0.0051  -0.0025    27    39    26    53   -2.3    0.5   -2.3    2.0    40    86    48    85
   25.640      642 00100011   0.0546   0.0031  -0.0125  -0.0008    24    28    27    53   -3.3   -2.4   -2.0    2.0    30    37    56    79
   25.680      643 00100011   0.0907   0.0074  -0.0066  -0.0064    32    36    27    35   -0.8   -0.2   -2.0   -1.6    52    72    50    77
   25.720      644 00100011   0.0308   0.0256  -0.0049  -0.0030    30    34    21    39   -1.3   -0.7   -4.2   -0.6    58    47    61    72
   25.760      645 00100011   0.0544  -0.0023  -0.0049  -0.0070    34    34    33    39   -0.3   -0.7   -0.3   -0.6    75    54    83    81
   25.800      646 00100011   0.0881  -0.0520  -0.0082  -0.0171    26    25    26    50   -2.6   -3.4   -2.3    1.5    41    10    51    79
   25.840      647 00100011   0.0653   0.0394  -0.0048   0.0074    29    25    23    29   -1.6   -3.4   -3.4   -3.2    36    24    41    33
   25.880      648 00100011   0.0560   0.0116  -0.0054  -0.0026    34    57    53    53   -0.3    3.8    3.9    2.0    74    87    91    78
   25.920      649 00100011   0.0594   0.0122  -0.0055  -0.0060    61    55    37    45    4.8    3.4    0.7    0.6    89    87    85    79
   25.960      650 00100011   0.0548  -0.0029  -0.0093  -0.0059    50    39    22    46    3.1    0.5   -3.8    0.8    83    64    82    81
   26.000      651 00100011   0.0296  -0.0049  -0.0054  -0.0072    38    37    25    54    0.7    0.0   -2.7    2.2    80    77    36    85
   26.040      652 00100011   0.0257   0.0019   0.0027  -0.0044    54    41    23    57    3.8    0.9   -3.4    2.7    91    69    50    82
   26.080      653 00100011   0.0484   0.0157  -0.0050  -0.0077    52    43    35    48    3.4    1.3    0.3    1.2    93    87    78    82
   26.120      654 00100011   0.0400   0.0076  -0.0010  -0.0025    40    58    35    39    1.2    3.9    0.3   -0.6    77    94    79    62
   26.160      655 00100011   0.0774   0.0084  -0.0046  -0.0045    31    74    22    40   -1.1    6.0   -3.8   -0.4    53    90    83    68
   26.200      656 00100011   0.0498   0.0321   0.0018  -0.0149    34    47    28    35   -0.3    2.1   -1.7   -1.6    54    77    66    72
   26.240      657 00100011   0.0536  -0.0126  -0.0042  -0.0136    32    28    41    39   -0.8   -2.4    1.6   -0.6    37    33    95    68
   26.280      658 00100011   0.0524   0.0112  -0.0041  -0.0063    27    35    43    42   -2.3   -0.5    2.0    0.0    32    75    86    63
   26.320      659 00100011   0.0568  -0.0057  -0.0065  -0.0054    28    58    65    58   -1.9    3.9    5.6    2.8    70    96    95    84
   26.360      660 00100011   0.0633  -0.0168  -0.0054  -0.0017    46    68    41    50    2.4    5.3    1.6    1.5    76    90    85    83
   26.400      661 00100011   0.0656  -0.0007  -0.0065  -0.0025    47    36    24    33    2.6   -0.2   -3.0   -2.1    83    61    44    62
   26.440      662 00100011   0.0093   0.0084   0.0094  -0.0042    35    35    23    31    0.0   -0.5   -3.4   -2.6    82    53    35    57
   26.480      663 00100011   0.0247  -0.0063   0.0003   0.0008    25    42    20    32   -2.9    1.1   -4.6   -2.4    66    70    57    40
   26.520      664 00100011   0.0020  -0.0067   0.0009  -0.0005    30    29    17    27   -1.3   -2.1   -6.0   -3.8    65    21    38    27
   26.560      665 00100011   0.0341   0.0100   0.0035  -0.0005    36    42    27    25    0.2    1.1   -2.0   -4.5    69    75    72    58
   26.600      666 00100011  -0.0741  -0.0057   0.0299  -0.0044    38    31    27    33    0.7   -1.5   -2.0   -2.1    68    51     9    41
   26.640      667 00100011   0.0502   0.0297   0.0113   0.0107    25    27    22    31   -2.9   -2.7   -3.8   -2.6    21    65    66    63
   26.680      668 00100011   0.0410  -0.0045  -0.0002   0.0002    26    26    29    33   -2.6   -3.1   -1.4   -2.1    47    67    70    56
   26.720      669 00100011   0.0057   0.0137  -0.0108  -0.0055    29    87    61    40   -1.6    7.4    5.1   -0.4    50    95    96    62
   26.760      670 00100011   0.0304   0.0076  -0.0042  -0.0021    32    83    38    64   -0.8    7.0    1.0    3.7    57    96    88    94
   26.800      671 00100011   0.0306  -0.0043  -0.0032  -0.0017    34    64    31    77   -0.3    4.8   -0.8    5.3    60    96    56    91
   26.840      672 00100011   0.0488   0.0005  -0.0030  -0.0012    32    37    34    43   -0.8    0.0    0.0    0.2    64    58    70    72
   26.880      673 00100011   0.0548   0.0027  -0.0031  -0.0010    28    57    30    55   -1.9    3.8   -1.1    2.3    77    88    71    83
   26.920      674 00100011   0.0398  -0.0085   0.0055   0.0024    38    39    24    33    0.7    0.5   -3.0   -2.1    60    67    65    49
   26.960      675 00100011   0.0596   0.0305  -0.0031   0.0038    29    30    34    31   -1.6   -1.8    0.0   -2.6    47    50    79    32
   27.000      676 00100011   0.0658   0.0031  -0.0071  -0.0070    36    41    34    53    0.2    0.9    0.0    2.0    45    71    76    78
   27.040      677 00100011   0.0402   0.0086  -0.0043  -0.0066    34    40    26    51   -0.3    0.7   -2.3    1.7    68    74    64    85
   27.080      678 00100011   0.0207  -0.0192  -0.0019  -0.0014    44    36    24    27    2.0   -0.2   -3.0   -3.8    77    61    16    59
   27.120      679 00100011   0.0414  -0.0208  -0.0016   0.0033    48    60    33    31    2.7    4.2   -0.3   -2.6    86    91    61    32
   27.160      680 00100011   0.0398   0.0256   0.0043  -0.0065    36    58    29    34    0.2    3.9   -1.4   -1.8    72    82    56    40
   27.200      681 00100011  -0.1734   0.0062   0.0492  -0.0058    34    54    22    29   -0.3    3.3   -3.8   -3.2    32    86    33    58
   27.240      682 00100011   0.0633   0.0307  -0.0122  -0.0087    41    44    25    27    1.4    1.5   -2.7   -3.8    70    79    26    37
   27.280      683 00100011   0.0512  -0.0045  -0.0099   0.0002    46    48    23    30    2.4    2.3   -3.4   -2.9    73    78    61    22
   27.320      684 00100011   0.0345   0.0149  -0.0050  -0.0057    38    37    32    29    0.7    0.0   -0.5   -3.2    64    60    77    35
   27.360      685 00100011   0.0296   0.0058  -0.0044  -0.0017    30    65    49    46   -1.3    4.9    3.2    0.8    53    88    93    79
   27.400      686 00100011   0.0306   0.0037  -0.0038  -0.0023    42    72    31    35    1.6    5.8   -0.8   -1.6    73    93    61    56
   27.440      687 00100011   0.0464   0.0157  -0.0054  -0.0085    60    46    23    28    4.7    1.9   -3.4   -3.5    89    88    42    26
   27.480      688 00100011   0.0207   0.0072  -0.0039  -0.0020    40    41    23    39    1.2    0.9   -3.4   -0.6    69    76    48    67
   27.520      689 00100011   0.0811  -0.0091  -0.0163  -0.0015    34    29    17    93   -0.3   -2.1   -6.0    6.9    39    22    28    88
   27.560      690 00100011   0.0602   0.0017   0.0009  -0.0018    29    26    25    70   -1.6   -3.1   -2.7    4.4    57    42    58    94
   27.600      691 00100011  -0.0495  -0.0298   0.0191  -0.0043    32    39    23    48   -0.8    0.5   -3.4    1.2    54    62    23    70
   27.640      692 00100011   0.0093  -0.0063  -0.0075  -0.0050    33    44    28    49   -0.5    1.5   -1.7    1.3    43    76    70    86
   27.680      693 00100011   0.0239  -0.0097  -0.0178  -0.0066    37    45    22    41    0.5    1.7   -3.8   -0.2    43    76    80    43
   27.720      694 00100011   0.0369   0.0009  -0.0090  -0.0064    34    41    28    45   -0.3    0.9   -1.7    0.6    41    70    76    70
   27.760      695 00100011   0.0658  -0.0016  -0.0075  -0.0019    24    29    21    43   -3.3   -2.1   -4.2    0.2    49    54    46    75
   27.800      696 00100011   0.0143  -0.0075  -0.0083  -0.0045    23    35    34    40   -3.6   -0.5    0.0   -0.4    30    76    80    75
   27.840      697 00100011   0.0548  -0.0013  -0.0026  -0.0108    25    34    38    35   -2.9   -0.7    1.0   -1.6    47    63    76    40
   27.880      698 00100011   0.0578  -0.0051  -0.0040  -0.0044    29    31    29    37   -1.6   -1.5   -1.4   -1.1    38    60    67    64
   27.920      699 00100011   0.0173  -0.0013  -0.0122  -0.0108    34    42    44    39   -0.3    1.1    2.2   -0.6    57    74    82    50
   27.960      700 00100011   0.0418   0.0021  -0.0056  -0.0094    37    30    52    49    0.5   -1.8    3.7    1.3    38    37    93    78
   28.000      701 00100011   0.0245   0.0076  -0.0110  -0.0030    35    37    50    58    0.0    0.0    3.3    2.8    46    68    91    81
   28.040      702 00100011   0.0237   0.0013  -0.0125  -0.0103    37    37    28    48    0.5    0.0   -1.7    1.2    65    62    54    65
   28.080      703 00100011   0.0453   0.0009  -0.0109  -0.0028    45    34    23    43    2.2   -0.7   -3.4    0.2    78    61    66    74
   28.120      704 00100011   0.0488  -0.0255  -0.0093  -0.0179    49    28    32    32    2.9   -2.4   -0.5   -2.4    80    42    56    42
   28.160      705 00100011   0.0253   0.0234  -0.0085  -0.0014    31    23    58    39   -1.1   -4.1    4.6   -0.6    69    47    92    71
   28.200      706 00100011  -0.0533  -0.0043  -0.0303  -0.0058    28    33    92    86   -1.9   -1.0    8.6    6.2     8    42    98    96
   28.240      707 00100011   0.0294   0.0025  -0.0082  -0.0044    29    38    83   111   -1.6    0.2    7.8    8.4    57    67    96    96
   28.280      708 00100011   0.0384  -0.0125  -0.0065  -0.0096    38    35    65    72    0.7   -0.5    5.6    4.7    66    73    94    92
   28.320      709 00100011   0.0459  -0.0073  -0.0058  -0.0069    43    33    44    55    1.8   -1.0    2.2    2.3    82    49    88    86
   28.360      710 00100011   0.0418  -0.0011  -0.0041  -0.0042    31    47    40    50   -1.1    2.1    1.4    1.5    43    87    88    76
   28.400      711 00100011   0.0400  -0.0069  -0.0032  -0.0032    38    59    31    41    0.7    4.1   -0.8   -0.2    76    91    67    78
   28.440      712 00100011   0.0459   0.0021  -0.0092  -0.0032    30    48    47    50   -1.3    2.3    2.8    1.5    75    92    87    92
   28.480      713 00100011   0.0460  -0.0011  -0.0058  -0.0043    38    34    64    75    0.7   -0.7    5.5    5.0    83    53    95    91
   28.520      714 00100011   0.0528  -0.0049  -0.0011  -0.0051    34    57    52    77   -0.3    3.8    3.7    5.3    56    87    87    92
   28.560      715 00100011   0.0474  -0.0142  -0.0088  -0.0034    35    61    28    56    0.0    4.3   -1.7    2.5    63    84    72    81
   28.600      716 00100011  -0.0998  -0.0006   0.0253   0.0032    25    46    22    36   -2.9    1.9   -3.8   -1.3    67    65     3    32
   28.640      717 00100011  -0.0597  -0.0423   0.0211   0.0038    24    31    22    30   -3.3   -1.5   -3.8   -2.9    37    33    19    33
   28.680      718 00100011  -0.1895  -0.0283   0.0473  -0.0079    35    27    20    29    0.0   -2.7   -4.6   -3.2    67    74    42    45
   28.720      719 00100011   0.0277   0.0260  -0.0015   0.0021    28    34    22    39   -1.9   -0.7   -3.8   -0.6    56    37    68    68
   28.760      720 00100011   0.0420  -0.0073  -0.0056   0.0004    43    39    28    35    1.8    0.5   -1.7   -1.6    87    73    48    60
   28.800      721 00100011   0.0367  -0.0032  -0.0015  -0.0043    39    37    27    41    0.9    0.0   -2.0   -0.2    84    56    70    75
   28.840      722 00100011   0.0476  -0.0113  -0.0005  -0.0071    37    28    26    44    0.5   -2.4   -2.3    0.4    55    59    72    73
   28.880      723 00100011   0.0259   0.0094  -0.0156  -0.0124    37    30    26    31    0.5   -1.8   -2.3   -2.6    31    62    72    57
   28.920      724 00100011   0.0137  -0.0089  -0.0158  -0.0094    36    32    30    35    0.2   -1.3   -1.1   -1.6    48    75    67    56
   28.960      725 00100011   0.0325   0.0169  -0.0084  -0.0045    33    24    40    45   -0.5   -3.8    1.4    0.6    76    44    86    71
   29.000      726 00100011   0.0323  -0.0459  -0.0067  -0.0167    26    29    33    66   -2.6   -2.1   -0.3    3.9    48    36    78    86
   29.040      727 00100011   0.0365   0.0122  -0.0056  -0.0034    26    30    30    52   -2.6   -1.8   -1.1    1.9    37    63    49    84
   29.080      728 00100011   0.0468  -0.0069  -0.0006  -0.0097    26    27    28    41   -2.6   -2.7   -1.7   -0.2    41    67    51    62
   29.120      729 00100011   0.0171  -0.0075  -0.0035   0.0018    28    28    31    33   -1.9   -2.4   -0.8   -2.1    50    68    78    61
   29.160      730 00100011   0.0167   0.0046  -0.0144  -0.0065    25    40    34    41   -2.9    0.7    0.0   -0.2    56    72    75    61
   29.200      731 00100011   0.0135   0.0175  -0.0073  -0.0053    32    35    54    52   -0.8   -0.5    4.0    1.9    57    68    91    84
   29.240      732 00100011   0.0318   0.0199  -0.0040   0.0033    37    30    46    77    0.5   -1.8    2.6    5.3    80    49    85    91
   29.280      733 00100011   0.0396  -0.0047  -0.0051  -0.0040    39    36    60    88    0.9   -0.2    4.9    6.4    90    68    92    96
   29.320      734 00100011   0.0279  -0.0015  -0.0062  -0.0028    48    52    59    70    2.7    3.0    4.8    4.4    87    87    92    93
   29.360      735 00100011   0.0289  -0.0036  -0.0045  -0.0032    57    95    42    64    4.2    8.2    1.8    3.7    91    96    83    91
   29.400      736 00100011   0.0227  -0.0028  -0.0018  -0.0031    79    82    30    48    7.1    6.9   -1.1    1.2    96    94    58    73
   29.440      737 00100011   0.0199  -0.0140  -0.0007   0.0010   101    54    24    34    9.2    3.3   -3.0   -1.8    98    79    70    79
   29.480      738 00100011   0.0279  -0.0038  -0.0041  -0.0036    88    36    40    62    8.0   -0.2    1.4    3.4    97    71    92    84
   29.520      739 00100011   0.0304   0.0001  -0.0042  -0.0020    56    61    52    87    4.1    4.3    3.7    6.3    90    90    92    90
   29.560      740 00100011   0.0235  -0.0047  -0.0033  -0.0010    43    65    40    53    1.8    4.9    1.4    2.0    83    94    89    66
   29.600      741 00100011   0.0124  -0.0063   0.0034  -0.0004    48    68    24    30    2.7    5.3   -3.0   -2.9    88    93    26    49
   29.640      742 00100011   0.0097   0.0015   0.0025  -0.0006    59    63    20    28    4.5    4.6   -4.6   -3.5    92    91    15    44
   29.680      743 00100011   0.0462  -0.0245  -0.0043  -0.0020    52    35    32    29    3.4   -0.5   -0.5   -3.2    85    68    84    54
   29.720      744 00100011   0.0357  -0.0061  -0.0012  -0.0013    51    38    56    66    3.3    0.2    4.3    3.9    76    63    93    81
   29.760      745 00100011   0.0402  -0.0013  -0.0019  -0.0026    39    55    36    57    0.9    3.4    0.5    2.7    68    86    86    79
   29.800      746 00100011   0.0367   0.0155  -0.0132  -0.0060    33    53    31    41   -0.5    3.1   -0.8   -0.2    53    86    67    70
   29.840      747 00100011   0.0426  -0.0001  -0.0031  -0.0051    44    43    29    27    2.0    1.3   -1.4   -3.8    66    67    73    16
   29.880      748 00100011   0.0271  -0.0208  -0.0022   0.0002    32    38    36    33   -0.8    0.2    0.5   -2.1    57    47    81    20
   29.920      749 00100011   0.0335   0.0396   0.0020   0.0182    37    26    36    41    0.5   -3.1    0.5   -0.2    71    15    88    35
   29.960      750 00100011   0.0326   0.0280  -0.0015   0.0051    35    25    50    64    0.0   -3.4    3.3    3.7    65    29    91    76
   30.000      751 00100011   0.0314  -0.0829  -0.0043  -0.0209    38    26    45    69    0.7   -3.1    2.4    4.3    65    25    79    92
   30.040      752 00100011   0.0363  -0.0025  -0.0024  -0.0041    37    27    31    73    0.5   -2.7   -0.8    4.8    64    37    51    93
   30.080      753 00100011   0.0331   0.0029  -0.0008  -0.0033    34    30    30    68   -0.3   -1.8   -1.1    4.2    48    52    81    91
