    4.000      101 00100011  -0.0112   0.0171  -0.0043   0.0065    43    39    25    36    1.8    0.5   -2.7   -1.3    77    21    36    54
    4.040      102 00100011  -0.0132   0.0098  -0.0006  -0.0080    43    33    25    44    1.8   -1.0   -2.7    0.4    63    36    42    63
    4.080      103 00100011  -0.0302   0.0284  -0.0017  -0.0044    44    35    31    46    2.0   -0.5   -0.8    0.8    62    46    40    38
    4.120      104 00100011   0.0531   0.0913  -0.0144   0.0141    44    32    31    44    2.0   -1.3   -0.8    0.4    46    24    10    50
    4.160      105 00100011  -0.0004   0.0240  -0.0105   0.0010    34    30    31    38   -0.3   -1.8   -0.8   -0.9    28    19    18    74
    4.200      106 00100011  -0.1448   0.0022  -0.0474   0.0054    28    32    28    39   -1.9   -1.3   -1.7   -0.6    12    58    41    55
    4.240      107 00100011   0.0183  -0.0180  -0.0057  -0.0119    30    35    28    41   -1.3   -0.5   -1.7   -0.2    31    11    51    53
    4.280      108 00100011  -0.0009   0.0189  -0.0001  -0.0039    37    31    32    42    0.5   -1.5   -0.5    0.0    51    20    54    25
    4.320      109 00100011  -0.1177   0.0193   0.0194   0.0071    32    32    28    38   -0.8   -1.3   -1.7   -0.9    46    27    23    36
    4.360      110 00100011   0.0145   0.0062   0.0037  -0.0067    35    33    23    33    0.0   -1.0   -3.4   -2.1    24    32    59    17
    4.400      111 00100011  -0.0033  -0.0023   0.0062  -0.0039    33    32    28    39   -0.5   -1.3   -1.7   -0.6    11    28    50    76
    4.440      112 00100011   0.0133  -0.0028  -0.0139   0.0089    31    29    24    34   -1.1   -2.1   -3.0   -1.8    35    34    39    32
    4.480      113 00100011   0.0113   0.1054   0.0115  -0.0049    32    33    26    36   -0.8   -1.0   -2.3   -1.3    31    17    49     9
    4.520      114 00100011   0.0494   0.0120  -0.0019   0.0093    34    33    30    39   -0.3   -1.0   -1.1   -0.6    37    10    31    35
    4.560      115 00100011  -0.0422  -0.1140   0.0275  -0.0216    33    30    24    35   -0.5   -1.8   -3.0   -1.6     2    13    15    33
    4.600      116 00100011   0.0153  -0.0970   0.0019  -0.0056    35    31    30    35    0.0   -1.5   -1.1   -1.6    10     8    26    17
    4.640      117 00100011  -0.0820  -0.0376  -0.0065  -0.0056    32    32    28    36   -0.8   -1.3   -1.7   -1.3    21    10    42    46
    4.680      118 00100011  -0.1011   0.0074  -0.0146  -0.0032    33    33    28    33   -0.5   -1.0   -1.7   -2.1    40    13     7    28
    4.720      119 00100011   0.0089   0.0452  -0.0033   0.0069    34    30    30    33   -0.3   -1.8   -1.1   -2.1    15    14    42    26
    4.760      120 00100011   0.0445   0.0177  -0.0143  -0.0112    35    36    29    34    0.0   -0.2   -1.4   -1.8    40    14    12    23
    4.800      121 00100011  -0.1569   0.0068   0.0258  -0.0048    38    32    28    32    0.7   -1.3   -1.7   -2.4    21    15    33    25
    4.840      122 00100011   0.0167  -0.1077  -0.0084   0.0451    34    36    26    34   -0.3   -0.2   -2.3   -1.8    14    17    21    34
    4.880      123 00100011  -0.2227  -0.0553   0.0327   0.0175    35    36    29    33    0.0   -0.2   -1.4   -2.1    18    19    35    39
    4.920      124 00100011  -0.0041  -0.2388  -0.0217   0.0580    31    31    26    31   -1.1   -1.5   -2.3   -2.6    15    14    24    14
    4.960      125 00100011   0.0729   0.0161   0.0510  -0.0037    30    33    28    39   -1.3   -1.0   -1.7   -0.6     5    30    12    41
    5.000      126 00100011  -0.0372   0.0595  -0.0125  -0.0092    29    36    32    36   -1.6   -0.2   -0.5   -1.3    26    33    38    32
    5.040      127 00100011  -0.2115   0.0009   0.0421  -0.0040    36    36    25    42    0.2   -0.2   -2.7    0.0    20    53    26    45
    5.080      128 00100011  -0.0709   0.0161  -0.0245   0.0036    32    35    26    33   -0.8   -0.5   -2.3   -2.1     2     6    21    20
    5.120      129 00100011  -0.0370   0.0272   0.0012   0.0014    38    35    28    38    0.7   -0.5   -1.7   -0.9    28    11    49    40
    5.160      130 00100011   0.0193  -0.0023  -0.0055  -0.0137    34    36    27    34   -0.3   -0.2   -2.0   -1.8    35    32    50    33
    5.200      131 00100011  -0.0100   0.0072  -0.0014  -0.0075    33    33    29    33   -0.5   -1.0   -1.4   -2.1    42    47    36    13
    5.240      132 00100011   0.0059   0.0305  -0.0109  -0.0141    39    36    30    40    0.9   -0.2   -1.1   -0.4    34    27    36    20
    5.280      133 00100011  -0.0551  -0.0085   0.0006  -0.0072    39    31    30    40    0.9   -1.5   -1.1   -0.4    43    27    14    41
    5.320      134 00100011  -0.0210   0.0282  -0.0019  -0.0177    36    36    29    37    0.2   -0.2   -1.4   -1.1    48    49    40    25
    5.360      135 00100011  -0.2313   0.0054   0.0539  -0.0208    34    31    26    34   -0.3   -1.5   -2.3   -1.8    48    20    33    43
    5.400      136 00100011   0.0120  -0.0051  -0.0043  -0.0005    36    45    24    39    0.2    1.7   -3.0   -0.6    21    25    29    54
    5.440      137 00100011  -0.0409  -0.0926  -0.0072   0.0105    39    28    26    37    0.9   -2.4   -2.3   -1.1    46    14    23     5
    5.480      138 00100011  -0.0905  -0.0314   0.0090  -0.0050    39    32    29    39    0.9   -1.3   -1.4   -0.6    34    40    14    51
    5.520      139 00100011  -0.0288  -0.0085  -0.0004   0.0010    41    33    27    39    1.4   -1.0   -2.0   -0.6    39    24    38     8
    5.560      140 00100011  -0.0240  -0.0429  -0.0030  -0.0097    36    33    28    44    0.2   -1.0   -1.7    0.4    45    28    43    47
    5.600      141 00100011   0.0181   0.0612   0.0077   0.0159    35    34    29    50    0.0   -0.7   -1.4    1.5    33     0    59    71
    5.640      142 00100011  -0.0748   0.0218  -0.0041  -0.0113    37    43    28    42    0.5    1.3   -1.7    0.0    45    31    28    44
    5.680      143 00100011  -0.0645  -0.0158  -0.0013  -0.0045    31    34    26    49   -1.1   -0.7   -2.3    1.3    12    19    43    52
    5.720      144 00100011  -0.0043   0.0234   0.0043   0.0038    41    35    27    39    1.4   -0.5   -2.0   -0.6    34    45    64    55
    5.760      145 00100011   0.0243  -0.0289  -0.0106  -0.0125    33    32    34    49   -0.5   -1.3    0.0    1.3    52    26    58    63
    5.800      146 00100011  -0.0315   0.0335  -0.0091   0.0043    32    38    28    47   -0.8    0.2   -1.7    1.0     9    39    36    56
    5.840      147 00100011   0.0249  -0.0020  -0.0098  -0.0015    41    40    32    42    1.4    0.7   -0.5    0.0    35    24    27    59
    5.880      148 00100011   0.0277   0.0260   0.0016  -0.0098    39    42    31    41    0.9    1.1   -0.8   -0.2    41    40    30    28
    5.920      149 00100011   0.0287   0.0120  -0.0050  -0.0110    41    41    29    48    1.4    0.9   -1.4    1.2    60    43    29    54
    5.960      150 00100011  -0.0380   0.0133   0.0029  -0.0044    40    37    28    34    1.2    0.0   -1.7   -1.8    50    40    15    41
    6.000      151 00100011  -0.0048  -0.0506  -0.0146  -0.0057    39    43    30    37    0.9    1.3   -1.1   -1.1    16    38     4    60
    6.040      152 00100011  -0.0127   0.0094  -0.0076  -0.0042    38    37    30    39    0.7    0.0   -1.1   -0.6    44    39    26    73
    6.080      153 00100011  -0.0246  -0.0021   0.0043  -0.0034    36    40    27    49    0.2    0.7   -2.0    1.3    36    41    14    58
    6.120      154 00100011  -0.0264   0.0033  -0.0068  -0.0114    37    39    27    49    0.5    0.5   -2.0    1.3    42    40    44    37
    6.160      155 00100011   0.0124  -0.0117  -0.0090  -0.0101    39    39    34    43    0.9    0.5    0.0    0.2    26    38    51    44
    6.200      156 00100011  -0.0009  -0.0121   0.0015  -0.0012    37    39    26    43    0.5    0.5   -2.3    0.2    39    45    25    41
    6.240      157 00100011   0.0024  -0.0001   0.0026  -0.0016    42    43    27    39    1.6    1.3   -2.0   -0.6    53    57    59    52
    6.280      158 00100011  -0.0370   0.0037  -0.0032  -0.0059    32    48    27    38   -0.8    2.3   -2.0   -0.9    27    38    31    34
    6.320      159 00100011  -0.0871   0.0098   0.0170   0.0042    40    34    27    42    1.2   -0.7   -2.0    0.0    39    40    10    50
    6.360      160 00100011  -0.0244   0.0088  -0.0027  -0.0068    32    44    27    32   -0.8    1.5   -2.0   -2.4    10    53    44    25
    6.400      161 00100011  -0.1098  -0.0032   0.0207  -0.0040    36    34    27    31    0.2   -0.7   -2.0   -2.6    26    48     6    30
    6.440      162 00100011   0.0562  -0.0164  -0.0187  -0.0149    42    32    28    36    1.6   -1.3   -1.7   -1.3    49    21    32    13
    6.480      163 00100011  -0.0303   0.0070  -0.0065  -0.0100    38    38    26    40    0.7    0.2   -2.3   -0.4    46    45     9    45
    6.520      164 00100011  -0.1984  -0.1159   0.0369   0.0332    40    40    30    36    1.2    0.7   -1.1   -1.3    51    31    18    14
    6.560      165 00100011   0.0443  -0.0168  -0.0102  -0.0032    40    38    29    36    1.2    0.2   -1.4   -1.3    39    46    15    22
    6.600      166 00100011  -0.2104   0.0377   0.0541  -0.0086    39    43    27    39    0.9    1.3   -2.0   -0.6    39    34    34    36
    6.640      167 00100011  -0.1843   0.0173   0.0388  -0.0089    33    32    25    32   -0.5   -1.3   -2.7   -2.4    29    40    16    29
    6.680      168 00100011  -0.1124  -0.0065   0.0290  -0.0025    36    37    26    38    0.2    0.0   -2.3   -0.9    47    13    11    13
    6.720      169 00100011  -0.0137  -0.0529  -0.0239   0.0094    34    38    26    40   -0.3    0.2   -2.3   -0.4    31    24    32    17
    6.760      170 00100011   0.2382   0.0133  -0.0631  -0.0105    31    33    28    33   -1.1   -1.0   -1.7   -2.1    46    37    28    45
    6.800      171 00100011  -0.1629   0.0157   0.0314  -0.0159    37    37    28    36    0.5    0.0   -1.7   -1.3    24    36     3    26
    6.840      172 00100011   0.0431  -0.0644  -0.0124   0.0024    29    34    24    37   -1.6   -0.7   -3.0   -1.1    12    16    17    21
    6.880      173 00100011  -0.1964  -0.2159   0.0344   0.0464    34    39    26    31   -0.3    0.5   -2.3   -2.6    21    29    13    33
    6.920      174 00100011  -0.1909  -0.0090   0.0527  -0.0209    34    35    27    36   -0.3   -0.5   -2.0   -1.3    39    23    24    56
    6.960      175 00100011  -0.2321  -0.2195   0.0548   0.0454    32    35    27    33   -0.8   -0.5   -2.0   -2.1    57    32    35    47
    7.000      176 00100011  -0.2379  -0.2113   0.0520   0.0484    32    32    30    32   -0.8   -1.3   -1.1   -2.4    50    39    37    47
    7.040      177 00100011  -0.1751  -0.0067   0.0598   0.0020    39    32    26    33    0.9   -1.3   -2.3   -2.1    38    20    14    35
    7.080      178 00100011   0.2510  -0.0047  -0.0512   0.0186    33    33    29    36   -0.5   -1.0   -1.4   -1.3    11    34    37    28
    7.120      179 00100011   0.1639  -0.2361   0.0149   0.0637    31    30    25    34   -1.1   -1.8   -2.7   -1.8    18    26    27    36
    7.160      180 00100011  -0.1408   0.0396   0.0639   0.0070    33    34    26    34   -0.5   -0.7   -2.3   -1.8    32    32    25    43
    7.200      181 00100011   0.1884  -0.2476  -0.0673   0.0612    32    30    24    37   -0.8   -1.8   -3.0   -1.1    23    38    27    39
    7.240      182 00100011  -0.0170   0.0357  -0.0012   0.0140    30    30    28    38   -1.3   -1.8   -1.7   -0.9    22    16    26    11
    7.280      183 00100011  -0.2766  -0.1895   0.0606   0.0491    31    37    24    36   -1.1    0.0   -3.0   -1.3    53     1    37    31
    7.320      184 00100011  -0.1314  -0.0223   0.0131  -0.0205    33    33    25    36   -0.5   -1.0   -2.7   -1.3    53    18    16    18
    7.360      185 00100011  -0.0579  -0.1985  -0.0149   0.0470    34    27    27    33   -0.3   -2.7   -2.0   -2.1    37    24    24    13
    7.400      186 00100011   0.1280  -0.1331  -0.0179  -0.0320    35    32    25    35    0.0   -1.3   -2.7   -1.6    28    20    31    40
    7.440      187 00100011  -0.2160  -0.0068   0.0442   0.1226    36    28    27    34    0.2   -2.4   -2.0   -1.8    43    34    38    27
    7.480      188 00100011   0.2198   0.2037   0.0912  -0.0785    31    30    25    30   -1.1   -1.8   -2.7   -2.9    17    27    39    27
    7.520      189 00100011   0.0381   0.0187  -0.1218   0.0013    32    35    23    35   -0.8   -0.5   -3.4   -1.6    31    40    28    40
    7.560      190 00100011   0.1894   0.0012  -0.0636   0.0080    34    35    27    35   -0.3   -0.5   -2.0   -1.6    35    26    32    39
    7.600      191 00100011  -0.2720  -0.1162   0.0716  -0.0860    33    32    24    39   -0.5   -1.3   -3.0   -0.6    18    13    18    14
    7.640      192 00100011   0.0516   0.0483   0.0037  -0.0112    32    33    25    36   -0.8   -1.0   -2.7   -1.3    38    17    11    34
    7.680      193 00100011   0.2037  -0.0227  -0.0452   0.0027    36    35    28    41    0.2   -0.5   -1.7   -0.2    35    38    23    23
    7.720      194 00100011   0.0049  -0.0136   0.0099   0.0000    33    34    28    34   -0.5   -0.7   -1.7   -1.8    28    35    26    37
    7.760      195 00100011  -0.1165  -0.0188  -0.0019  -0.0133    31    34    25    32   -1.1   -0.7   -2.7   -2.4     3    38    28    36
    7.800      196 00100011  -0.2531   0.4526   0.0507  -0.0062    37    29    26    37    0.5   -2.1   -2.3   -1.1    38    16    16    23
    7.840      197 00100011   0.0756  -0.0174  -0.0207  -0.0037    33    30    27    36   -0.5   -1.8   -2.0   -1.3    17    10    17    40
    7.880      198 00100011   0.2675  -0.2545  -0.0208   0.0851    29    30    26    33   -1.6   -1.8   -2.3   -2.1    12    27    15    41
    7.920      199 00100011   0.2776  -0.2260   0.0159   0.0437    29    29    26    33   -1.6   -2.1   -2.3   -2.1    34    10    35     7
    7.960      200 00100011  -0.1698  -0.3525   0.0332  -0.0110    34    33    24    29   -0.3   -1.0   -3.0   -3.2    36     6    12    15
    8.000      201 00100011   0.1648  -0.2072  -0.0179   0.0424    32    34    21    29   -0.8   -0.7   -4.2   -3.2    12    27    12    28
    8.040      202 00100011   0.4672  -0.0069  -0.0357   0.0030    31    27    25    33   -1.1   -2.7   -2.7   -2.1    28     8    32    17
    8.080      203 00100011   0.0496  -0.0121  -0.0248  -0.0050    26    35    26    39   -2.6   -0.5   -2.3   -0.6    26    44    21    37
    8.120      204 00100011   0.0385  -0.0752  -0.0170   0.0025    31    32    28    36   -1.1   -1.3   -1.7   -1.3    17    40    33    54
    8.160      205 00100011  -0.0641   0.0404  -0.0042  -0.0151    30    33    28    32   -1.3   -1.0   -1.7   -2.4    26    27    17    34
    8.200      206 00100011  -0.0196  -0.0117   0.0154   0.0019    34    36    26    41   -0.3   -0.2   -2.3   -0.2    15    23     7    31
    8.240      207 00100011   0.2657  -0.0324  -0.0382  -0.0023    31    39    25    38   -1.1    0.5   -2.7   -0.9    21    18    25    44
    8.280      208 00100011   0.2624  -0.0009  -0.0454  -0.0113    35    31    23    32    0.0   -1.5   -3.4   -2.4    20    24    13    25
    8.320      209 00100011  -0.0671   0.1988   0.0086   0.0856    31    35    27    31   -1.1   -0.5   -2.0   -2.6    30    30    28    15
    8.360      210 00100011  -0.0190  -0.0067  -0.0120  -0.0043    32    45    28    40   -0.8    1.7   -1.7   -0.4    32    49    38    32
    8.400      211 00100011   0.1235   0.0088  -0.0002  -0.0157    33    39    32    40   -0.5    0.5   -0.5   -0.4    15    53    19    36
    8.440      212 00100011  -0.0106   0.0256  -0.0080  -0.0033    31    40    30    35   -1.1    0.7   -1.1   -1.6    44    46    45    50
    8.480      213 00100011   0.0112  -0.0138  -0.0031  -0.0112    30    36    33    36   -1.3   -0.2   -0.3   -1.3    52    54    43    45
    8.520      214 00100011   0.0002  -0.0425  -0.0043  -0.0117    36    34    38    40    0.2   -0.7    1.0   -0.4    52    31    30    36
    8.560      215 00100011  -0.0142  -0.0039  -0.0157  -0.0088    38    39    30    45    0.7    0.5   -1.1    0.6    40    29    45    45
    8.600      216 00100011   0.0281   0.0011  -0.0080  -0.0060    45    39    36    58    2.2    0.5    0.5    2.8    59    42    41    62
    8.640      217 00100011  -0.0254   0.0007  -0.0051  -0.0095    41    44    34    52    1.4    1.5    0.0    1.9    54    68    50    66
    8.680      218 00100011   0.0283  -0.0077  -0.0125  -0.0066    38    38    31    51    0.7    0.2   -0.8    1.7    64    35    48    70
    8.720      219 00100011   0.0077  -0.0245  -0.0088  -0.0117    51    47    31    84    3.3    2.1   -0.8    6.0    77    44    52    85
    8.760      220 00100011  -0.0009  -0.0326  -0.0048  -0.0087    51    50    31    74    3.3    2.6   -0.8    4.9    83    47    56    77
    8.800      221 00100011   0.0215  -0.0158  -0.0049  -0.0129    36    38    35    70    0.2    0.2    0.3    4.4    55    36    66    84
    8.840      222 00100011   0.0325  -0.0174  -0.0074  -0.0138    36    36    32    67    0.2   -0.2   -0.5    4.1    34    32    56    79
    8.880      223 00100011  -0.0041   0.0426  -0.0150   0.0033    33    32    34    55   -0.5   -1.3    0.0    2.3    24    26    46    68
    8.920      224 00100011  -0.0407   0.0116  -0.0218  -0.0251    28    32    34    40   -1.9   -1.3    0.0   -0.4    21    28    58    30
    8.960      225 00100011  -0.0347  -0.0808  -0.0264  -0.0231    28    28    43    42   -1.9   -2.4    2.0    0.0    20    38    70    46
    9.000      226 00100011   0.0700  -0.0283   0.0086  -0.0110    27    32    35    37   -2.3   -1.3    0.3   -1.1     6    24    77    43
    9.040      227 00100011  -0.0080  -0.0148  -0.0175  -0.0028    32    31    30    28   -0.8   -1.5   -1.1   -3.5    11    40    47    27
    9.080      228 00100011   0.0765   0.0195  -0.0016  -0.0088    32    35    33    30   -0.8   -0.5   -0.3   -2.9    34    14    48    36
    9.120      229 00100011  -0.1954   0.0082  -0.0682  -0.0134    26    43    27    31   -2.6    1.3   -2.0   -2.6    34    67    36    10
    9.160      230 00100011   0.0819  -0.0023  -0.0119  -0.0075    34    35    29    32   -0.3   -0.5   -1.4   -2.4    36    61    45    22
    9.200      231 00100011   0.0407  -0.1178  -0.0224  -0.0028    39    32    27    36    0.9   -1.3   -2.0   -1.3    19    18    48    17
    9.240      232 00100011  -0.1574  -0.0005  -0.0700  -0.0100    27    28    28    38   -2.3   -2.4   -1.7   -0.9    32    28    16    40
    9.280      233 00100011   0.0253  -0.0326  -0.0135  -0.0161    30    29    24    34   -1.3   -2.1   -3.0   -1.8    42     9    18    51
    9.320      234 00100011   0.1462   0.0080  -0.0353   0.0000    31    33    24    42   -1.1   -1.0   -3.0    0.0    45    49    12    61
    9.360      235 00100011   0.0229  -0.0035  -0.0045  -0.0129    43    40    22    37    1.8    0.7   -3.8   -1.1    77    51    30    47
    9.400      236 00100011   0.0500  -0.0049  -0.0112  -0.0065    47    35    28    67    2.6   -0.5   -1.7    4.1    67    43    22    83
    9.440      237 00100011   0.0474   0.0009  -0.0093  -0.0072    51    40    29   116    3.3    0.7   -1.4    8.8    77    54    49    96
    9.480      238 00100011   0.0353  -0.0060  -0.0032  -0.0135    39    34    26    87    0.9   -0.7   -2.3    6.3    53    38    36    93
    9.520      239 00100011   0.0402   0.0420  -0.0108  -0.0006    47    29    28    53    2.6   -2.1   -1.7    2.0    45    18    64    72
    9.560      240 00100011   0.0648  -0.0277  -0.0115  -0.0016    47    29    29    44    2.6   -2.1   -1.4    0.4    68    37    51    48
    9.600      241 00100011   0.0572   0.0112  -0.0115  -0.0190    57    37    27    41    4.2    0.0   -2.0   -0.2    78    32    50    62
    9.640      242 00100011   0.0465  -0.0095  -0.0043  -0.0081    49    41    32    44    2.9    0.9   -0.5    0.4    62    36    14    45
    9.680      243 00100011   0.0327   0.0236  -0.0172   0.0014    35    36    40    62    0.0   -0.2    1.4    3.4    41    15    69    79
    9.720      244 00100011   0.1504  -0.0178   0.0128  -0.0104    35    35    31    47    0.0   -0.5   -0.8    1.0    12    22    46    52
    9.760      245 00100011   0.0951  -0.0223  -0.0045  -0.0131    31    38    29    41   -1.1    0.2   -1.4   -0.2    49    15    49    52
    9.800      246 00100011   0.0339  -0.0085  -0.0030  -0.0034    35    48    26    43    0.0    2.3   -2.3    0.2    36    70    33    31
    9.840      247 00100011   0.1035  -0.0255  -0.0162  -0.0043    43    39    24    40    1.8    0.5   -3.0   -0.4    68    48    32    25
    9.880      248 00100011   0.0559  -0.0263  -0.0076  -0.0100    40    34    33    41    1.2   -0.7   -0.3   -0.2    44    14    71    23
    9.920      249 00100011   0.0584  -0.0061  -0.0060  -0.0074    53    71    38    53    3.6    5.7    1.0    2.0    88    89    69    77
    9.960      250 00100011   0.0733   0.0131  -0.0091  -0.0124    85    64    27    44    7.7    4.8   -2.0    0.4    95    74    20    29
   10.000      251 00100011   0.0471   0.0066  -0.0043  -0.0082    90    38    29    43    8.2    0.2   -1.4    0.2    94    50    19    49
   10.040      252 00100011   0.0646  -0.0389  -0.0112  -0.0084    56    39    30    35    4.1    0.5   -1.1   -1.6    72    38    47    38
   10.080      253 00100011   0.1111   0.1475  -0.0076  -0.0655    35    33    26    35    0.0   -1.0   -2.3   -1.6    14    11    21    27
   10.120      254 00100011   0.0355  -0.0109  -0.0231  -0.0110    30    46    39    36   -1.3    1.9    1.2   -1.3    36    50    63    51
   10.160      255 00100011   0.0411   0.0131  -0.0202  -0.0085    36    35    59    85    0.2   -0.5    4.8    6.1    44    44    88    92
   10.200      256 00100011   0.0939  -0.0066  -0.0121  -0.0130    32    54    36    52   -0.8    3.3    0.5    1.9    41    77    75    63
   10.240      257 00100011   0.0484   0.0031  -0.0095  -0.0188    36    75    26    54    0.2    6.1   -2.3    2.2    62    85    16    55
   10.280      258 00100011   0.0782  -0.0362  -0.0163  -0.0226    52    40    30    37    3.4    0.7   -1.1   -1.1    84    47    42    41
   10.320      259 00100011   0.2042   0.1726   0.0136  -0.0057    30    30    27    36   -1.3   -1.8   -2.0   -1.3    13    17    32    10
   10.360      260 00100011   0.1177  -0.0133  -0.0242  -0.0210    31    40    27    35   -1.1    0.7   -2.0   -1.6    39    32    36    23
   10.400      261 00100011   0.1019  -0.0540  -0.0202  -0.0177    39    39    35    36    0.9    0.5    0.3   -1.3    51     3    39    42
   10.440      262 00100011   0.1072  -0.0235  -0.0292  -0.0225    40    50    32    40    1.2    2.6   -0.5   -0.4    52    46    43    50
   10.480      263 00100011   0.0941  -0.0160  -0.0234  -0.0208    37    32    27    51    0.5   -1.3   -2.0    1.7    34    15    48    55
   10.520      264 00100011  -0.1372  -0.0189   0.0482  -0.0298    34    34    23    34   -0.3   -0.7   -3.4   -1.8    30    28    17    27
   10.560      265 00100011   0.2893  -0.0293  -0.0684  -0.0235    41    34    28    33    1.4   -0.7   -1.7   -2.1    43    47    20    47
   10.600      266 00100011  -0.1906  -0.0239   0.0415  -0.0165    34    35    25    41   -0.3   -0.5   -2.7   -0.2    36    34     5    45
   10.640      267 00100011   0.1893  -0.0068   0.0057  -0.0305    32    38    31    32   -0.8    0.2   -0.8   -2.4     7    43    45    20
   10.680      268 00100011   0.0574  -0.0289  -0.0362  -0.0262    33    38    66    66   -0.5    0.2    5.8    3.9    33    55    88    78
   10.720      269 00100011   0.0962  -0.0391  -0.0226  -0.0301    32    35    36    53   -0.8   -0.5    0.5    2.0    14    22    70    76
   10.760      270 00100011   0.1405   0.0240  -0.0222  -0.0364    37    45    30    38    0.5    1.7   -1.1   -0.9    17    40    49    61
   10.800      271 00100011  -0.0552   0.0601  -0.0742  -0.0028    27    35    26    35   -2.3   -0.5   -2.3   -1.6    30    21    13    39
   10.840      272 00100011   0.0890  -0.0009  -0.0209  -0.0230    33    39    37    36   -0.5    0.5    0.7   -1.3    45    40    52    35
   10.880      273 00100011   0.0794  -0.0129  -0.0333  -0.0255    38    46    36    44    0.7    1.9    0.5    0.4    39    69    60    64
   10.920      274 00100011   0.0353   0.0129  -0.0376  -0.0243    36    39    34    38    0.2    0.5    0.0   -0.9    30    44    53    54
   10.960      275 00100011   0.0896  -0.0314  -0.0264  -0.0378    34    32    30    32   -0.3   -1.3   -1.1   -2.4    22    49    41     2
   11.000      276 00100011   0.0804  -0.0088  -0.0294  -0.0261    36    38    66    63    0.2    0.2    5.8    3.5    32    43    90    86
   11.040      277 00100011   0.1037  -0.0120  -0.0193  -0.0215    33    31    28    46   -0.5   -1.5   -1.7    0.8    32     9    44    28
   11.080      278 00100011   0.0974   0.0256  -0.0263  -0.0233    29    30    35    45   -1.6   -1.8    0.3    0.6    17    29    68    48
   11.120      279 00100011   0.1197   0.0215  -0.0159  -0.0197    32    33    27    37   -0.8   -1.0   -2.0   -1.1    26    45    11    53
   11.160      280 00100011   0.1115   0.0635  -0.0094  -0.0207    33    34    30    44   -0.5   -0.7   -1.1    0.4    30    39    12    46
   11.200      281 00100011   0.1235   0.0041  -0.0169  -0.0100    35    37    26    34    0.0    0.0   -2.3   -1.8    44    46    11    10
   11.240      282 00100011  -0.1350  -0.2505   0.0608   0.0362    31    34    25    36   -1.1   -0.7   -2.7   -1.3    18    19    42    43
   11.280      283 00100011   0.0576  -0.0013  -0.0054  -0.0048    34    37    23    31   -0.3    0.0   -3.4   -2.6    22    56    23    45
   11.320      284 00100011  -0.1592  -0.0105   0.0505  -0.0079    36    47    26    37    0.2    2.1   -2.3   -1.1    26    48    20    64
   11.360      285 00100011   0.1270  -0.0063   0.0026  -0.0048    38    33    27    32    0.7   -1.0   -2.0   -2.4    37    45    20    29
   11.400      286 00100011   0.3047  -0.0073  -0.0544   0.0054    34    38    22    37   -0.3    0.2   -3.8   -1.1    36    14    43    29
   11.440      287 00100011   0.1047   0.0579  -0.0057   0.0032    30    41    34    38   -1.3    0.9    0.0   -0.9    29    23    42    10
   11.480      288 00100011   0.1182  -0.0174  -0.0136  -0.0132    34    54    48    87   -0.3    3.3    3.0    6.3    35    64    79    92
   11.520      289 00100011   0.1115  -0.0634  -0.0180  -0.0051    48    72    33    36    2.7    5.8   -0.3   -1.3    74    86    55    23
   11.560      290 00100011   0.1191  -0.0178  -0.0189  -0.0166    74    85    27    35    6.5    7.2   -2.0   -1.6    80    89    22    45
   11.600      291 00100011   0.1264   0.0064  -0.0246  -0.0249    49    42    35    47    2.9    1.1    0.3    1.0    69    42    58    64
   11.640      292 00100011   0.1169  -0.0169  -0.0290  -0.0273    45    40    34    47    2.2    0.7    0.0    1.0    61    48    65    78
   11.680      293 00100011   0.1135  -0.0060  -0.0274  -0.0257    42    49    63    65    1.6    2.4    5.4    3.8    35    70    91    84
   11.720      294 00100011   0.1199  -0.0139  -0.0231  -0.0267    41    47    61    84    1.4    2.1    5.1    6.0    34    65    88    86
   11.760      295 00100011   0.1701  -0.0885  -0.0311  -0.0454    36    32    30    37    0.2   -1.3   -1.1   -1.1    32     6    15    26
   11.800      296 00100011   0.1630  -0.0666  -0.0302  -0.0366    34    29    29    36   -0.3   -2.1   -1.4   -1.3    35    14    12    49
   11.840      297 00100011   0.1109   0.0151  -0.0239  -0.0228    45    33    28    33    2.2   -1.0   -1.7   -2.1    53    19    23    49
   11.880      298 00100011   0.3574   0.0450   0.0299  -0.0043    32    31    33    45   -0.8   -1.5   -0.3    0.6    41    34    59    30
   11.920      299 00100011   0.1282   0.0282  -0.0225  -0.0205    32    31    42    80   -0.8   -1.5    1.8    5.6    22    33    79    87
   11.960      300 00100011   0.0882   0.0058  -0.0304  -0.0313    44    33    43    65    2.0   -1.0    2.0    3.8    56    36    70    81
   12.000      301 00100011   0.0814   0.0080  -0.0307  -0.0224    37    38    27    42    0.5    0.2   -2.0    0.0    59    28    38    12
   12.040      302 00100011   0.1165  -0.0348  -0.0362  -0.0141    33    36    37    43   -0.5   -0.2    0.7    0.2    45    20    54    24
   12.080      303 00100011   0.1797  -0.0269  -0.0244  -0.0315    32    39    34    50   -0.8    0.5    0.0    1.5    34    41    62    57
   12.120      304 00100011   0.1109  -0.0078  -0.0395  -0.0341    28    36    77    97   -1.9   -0.2    7.1    7.3    41    32    90    93
   12.160      305 00100011   0.1335   0.0035  -0.0351  -0.0306    40    39    52    79    1.2    0.5    3.7    5.5    55    24    71    87
   12.200      306 00100011   0.1267   0.0021  -0.0415  -0.0459    44    46    53    59    2.0    1.9    3.9    3.0    49    48    83    79
   12.240      307 00100011   0.1209   0.0199  -0.0425  -0.0347    35    41   103   107    0.0    0.9    9.6    8.1    44    29    92    90
   12.280      308 00100011   0.1350  -0.0046  -0.0430  -0.0449    39    52    62    85    0.9    3.0    5.2    6.1    76    68    88    88
   12.320      309 00100011   0.1287  -0.0453  -0.0544  -0.0366    47    63    32    40    2.6    4.6   -0.5   -0.4    59    76    16    30
   12.360      310 00100011   0.1022   0.0222  -0.0543  -0.0413    39    39    35    36    0.9    0.5    0.3   -1.3    46     7    72    31
   12.400      311 00100011   0.1109  -0.0139  -0.0499  -0.0470    43    49    39    45    1.8    2.4    1.2    0.6    72    74    67    67
   12.440      312 00100011   0.0966   0.0147  -0.0491  -0.0564    39    81    28    40    0.9    6.8   -1.7   -0.4    56    86    52    40
   12.480      313 00100011   0.0982  -0.0007  -0.0619  -0.0598    37    42    51    39    0.5    1.1    3.5   -0.6    29    45    84    61
   12.520      314 00100011   0.1122  -0.0118  -0.0611  -0.0578    60    80    92    90    4.7    6.7    8.6    6.6    81    91    94    91
   12.560      315 00100011   0.1303  -0.0141  -0.0656  -0.0652    70    89    61    65    6.0    7.6    5.1    3.8    91    93    80    80
   12.600      316 00100011   0.1334  -0.0155  -0.0720  -0.0674    69    75    28    47    5.9    6.1   -1.7    1.0    78    85    47    55
   12.640      317 00100011   0.1883  -0.0062  -0.0606  -0.0508    28    35    29    37   -1.9   -0.5   -1.4   -1.1    25    19    19    26
   12.680      318 00100011   0.0879   0.0634  -0.0775  -0.0950    34    32    32    40   -0.3   -1.3   -0.5   -0.4    26    13    32    21
   12.720      319 00100011   0.3845  -0.0343   0.0247  -0.1254    31    31    33    40   -1.1   -1.5   -0.3   -0.4    29    18    40    12
   12.760      320 00100011   0.1484   0.0108  -0.0075  -0.0039    30    32    27    42   -1.3   -1.3   -2.0    0.0    15    29    15    45
   12.800      321 00100011   0.0993  -0.0433  -0.0139  -0.0129    37    39    26    29    0.5    0.5   -2.3   -3.2    26    45     8    22
   12.840      322 00100011   0.2815  -0.0465  -0.0483  -0.0212    32    43    23    39   -0.8    1.3   -3.4   -0.6    19    50    15    30
   12.880      323 00100011   0.0751  -0.0107   0.0001  -0.0059    31    35    26    35   -1.1   -0.5   -2.3   -1.6    36    16    14    29
   12.920      324 00100011   0.2903  -0.0138   0.0457  -0.0089    31    35    28    49   -1.1   -0.5   -1.7    1.3    49    34    44    76
   12.960      325 00100011   0.1797  -0.0306  -0.0210  -0.0069    34    32    26    46   -0.3   -1.3   -2.3    0.8    29    21    45    27
   13.000      326 00100011   0.1237   0.0094  -0.0002  -0.0077    34    49    32    42   -0.3    2.4   -0.5    0.0    24    50    49    15
   13.040      327 00100011   0.0624  -0.0544   0.0123  -0.0254    37    32    29    40    0.5   -1.3   -1.4   -0.4    36    23    23    26
   13.080      328 00100011   0.0551  -0.0130  -0.0077   0.0158    33    40    30    35   -0.5    0.7   -1.1   -1.6    27    37    59    24
   13.120      329 00100011   0.1084  -0.0463  -0.0050   0.0007    37    47    27    38    0.5    2.1   -2.0   -0.9    27    59    30    32
   13.160      330 00100011   0.2200  -0.0208  -0.0237  -0.0029    51    49    30    38    3.3    2.4   -1.1   -0.9    62    67     7    39
   13.200      331 00100011   0.1727   0.0254  -0.0120  -0.0160    50    39    25    34    3.1    0.5   -2.7   -1.8    67    35    26    34
   13.240      332 00100011   0.0827  -0.0007  -0.0188  -0.0062    29    48    65    49   -1.6    2.3    5.6    1.3    10    67    93    79
   13.280      333 00100011   0.1315  -0.0176  -0.0087  -0.0077    65    57    49    48    5.4    3.8    3.2    1.2    74    79    75    64
   13.320      334 00100011   0.1139  -0.0162  -0.0038  -0.0206    30    37    25    43   -1.3    0.0   -2.7    0.2    25    25    26    56
   13.360      335 00100011   0.1856  -0.0041   0.0081  -0.0108    31    30    29    46   -1.1   -1.8   -1.4    0.8    42    33    50    30
   13.400      336 00100011   0.1869  -0.0336  -0.0157  -0.0173    35    35    30    35    0.0   -0.5   -1.1   -1.6    35    52    13    28
   13.440      337 00100011   0.1221  -0.0330  -0.0113  -0.0075    35    41    28    48    0.0    0.9   -1.7    1.2    38    45    33    56
   13.480      338 00100011   0.1521  -0.0742   0.0008  -0.0100    37    34    35    44    0.5   -0.7    0.3    0.4    43    43    62    45
   13.520      339 00100011   0.1188  -0.0156  -0.0153  -0.0132    54    70    98    74    3.8    5.5    9.2    4.9    80    92    97    87
   13.560      340 00100011   0.1307  -0.0041  -0.0164  -0.0148   109    81    52    61    9.9    6.8    3.7    3.2    94    88    89    76
   13.600      341 00100011   0.1235  -0.0219  -0.0118  -0.0066    60    50    42    34    4.7    2.6    1.8   -1.8    86    77    66    35
   13.640      342 00100011   0.1113  -0.0178  -0.0105  -0.0116    72    62    50    75    6.3    4.5    3.3    5.0    81    84    74    84
   13.680      343 00100011   0.0379   0.1437   0.0036  -0.0561    37    33    28    38    0.5   -1.0   -1.7   -0.9    17    12     3     9
   13.720      344 00100011   0.1468   0.0126  -0.0042   0.0062    37    36    36    56    0.5   -0.2    0.5    2.5    14    16    58    67
   13.760      345 00100011   0.3117  -0.0255   0.0333  -0.0052    39    44    31    46    0.9    1.5   -0.8    0.8    15    56    33    66
   13.800      346 00100011   0.1268   0.0004  -0.0105   0.0043    33    35    27    33   -0.5   -0.5   -2.0   -2.1    24     7    44    31
   13.840      347 00100011   0.1615   0.0128  -0.0095  -0.0122    38    47    28    44    0.7    2.1   -1.7    0.4    46    33    32    61
   13.880      348 00100011   0.0984   0.0242  -0.0064  -0.0112    37    41    25    34    0.5    0.9   -2.7   -1.8    41    53    33    22
   13.920      349 00100011   0.1411   0.0058  -0.0157  -0.0041    36    46    29    43    0.2    1.9   -1.4    0.2    37    70    27    53
   13.960      350 00100011   0.1131   0.0041  -0.0054  -0.0046    37    43    35    39    0.5    1.3    0.3   -0.6    41    55    31    35
   14.000      351 00100011   0.3712  -0.0380   0.0430  -0.0036    30    33    30    38   -1.3   -1.0   -1.1   -0.9    29    40    41    61
   14.040      352 00100011   0.1290   0.0058   0.0014  -0.0067    41    46    33    46    1.4    1.9   -0.3    0.8    79    48    53    35
   14.080      353 00100011   0.1444  -0.0089  -0.0165  -0.0117    43    50    45    41    1.8    2.6    2.4   -0.2    51    64    78    61
   14.120      354 00100011   0.1560   0.0114  -0.0156  -0.0183    63    79    48    40    5.1    6.6    3.0   -0.4    78    84    80    25
   14.160      355 00100011   0.1258  -0.0275  -0.0103  -0.0128    56    47    33    46    4.1    2.1   -0.3    0.8    83    74    56    42
   14.200      356 00100011   0.0993   0.0025  -0.0060  -0.0199    47    38    33    42    2.6    0.2   -0.3    0.0    58    57    57    33
   14.240      357 00100011   0.1390  -0.0074  -0.0133  -0.0139    52    69    40    47    3.4    5.4    1.4    1.0    75    85    78    58
   14.280      358 00100011   0.1528   0.0088  -0.0112  -0.0108    67    69    52    82    5.6    5.4    3.7    5.8    91    90    71    90
   14.320      359 00100011   0.1390  -0.0023  -0.0062  -0.0122    70    54    32    45    6.0    3.3   -0.5    0.6    83    36    19    34
   14.360      360 00100011   0.1607  -0.0003  -0.0128  -0.0116    48    53    37    46    2.7    3.1    0.7    0.8    70    61    56    61
   14.400      361 00100011   0.1748  -0.0269  -0.0170  -0.0180    50    39    37    36    3.1    0.5    0.7   -1.3    74    42    37    49
   14.440      362 00100011   0.1414   0.0044  -0.0230  -0.0201    42    61    43    51    1.6    4.3    2.0    1.7    55    83    64    68
   14.480      363 00100011   0.1736  -0.0127  -0.0153  -0.0200    40    65    30    45    1.2    4.9   -1.1    0.6    55    74    58    67
   14.520      364 00100011   0.1469   0.0343  -0.0258  -0.0297    38    37    30    52    0.7    0.0   -1.1    1.9    68    28    50    55
   14.560      365 00100011   0.1542  -0.0050  -0.0377  -0.0352    51    58    38    36    3.3    3.9    1.0   -1.3    67    74    46    46
   14.600      366 00100011   0.0129  -0.0328  -0.0056  -0.0282    58    66    30    43    4.4    5.0   -1.1    0.2    79    78    17    66
   14.640      367 00100011   0.1277   0.0205  -0.0380  -0.0101    36    40    42    45    0.2    0.7    1.8    0.6    32    41    46    47
   14.680      368 00100011   0.1595  -0.0001  -0.0257  -0.0266    39    37    46    61    0.9    0.0    2.6    3.2    42    39    84    81
   14.720      369 00100011   0.1599  -0.0159  -0.0324  -0.0305    74    41    41    55    6.5    0.9    1.6    2.3    85    63    72    69
   14.760      370 00100011   0.1689  -0.0273  -0.0219  -0.0346    39    36    76    65    0.9   -0.2    7.0    3.8    50    41    92    79
   14.800      371 00100011   0.1645   0.0058  -0.0297  -0.0291    76    76   104    99    6.7    6.3    9.7    7.4    77    90    91    95
   14.840      372 00100011   0.1314  -0.0383  -0.0314  -0.0241    52    45    36    48    3.4    1.7    0.5    1.2    72    17    46    60
   14.880      373 00100011   0.1475   0.0149  -0.0344  -0.0336    71    85    40    41    6.1    7.2    1.4   -0.2    90    91    63    55
   14.920      374 00100011   0.1302  -0.0233  -0.0277  -0.0293    69    58    35    45    5.9    3.9    0.3    0.6    79    76    67    50
   14.960      375 00100011   0.1859  -0.0139  -0.0290  -0.0384    40    42    39    58    1.2    1.1    1.2    2.8    26    39    58    79
   15.000      376 00100011   0.1356  -0.0199  -0.0376  -0.0311    77    76    36    46    6.8    6.3    0.5    0.8    80    76    53    76
   15.040      377 00100011   0.1140  -0.0013  -0.0312  -0.0247    50    48    28    42    3.1    2.3   -1.7    0.0    63    80    39    66
   15.080      378 00100011   0.1785   0.0076  -0.0263  -0.0202    34    41    26    50   -0.3    0.9   -2.3    1.5    38    68    40    79
   15.120      379 00100011   0.0847  -0.0125  -0.0101  -0.0216    48    39    31    43    2.7    0.5   -0.8    0.2    69    43    47    55
   15.160      380 00100011   0.1330   0.0074  -0.0168  -0.0122    67    88    84    85    5.6    7.5    7.9    6.1    81    85    93    88
   15.200      381 00100011   0.1422   0.0015  -0.0135  -0.0117    85    69    44    84    7.7    5.4    2.2    6.0    91    80    84    87
   15.240      382 00100011   0.1376  -0.0068  -0.0181  -0.0160    47    56    30    37    2.6    3.6   -1.1   -1.1    68    71    56    69
   15.280      383 00100011   0.1731   0.0226  -0.0289  -0.0203    50    39    31    43    3.1    0.5   -0.8    0.2    77    16    35    43
   15.320      384 00100011   0.1316  -0.0516  -0.0349  -0.0396    35    33    30    36    0.0   -1.0   -1.1   -1.3    36     9    37    44
   15.360      385 00100011   0.1284  -0.0096  -0.0249  -0.0214    44    76    51    52    2.0    6.3    3.5    1.9    81    86    73    75
   15.400      386 00100011   0.1479   0.0080  -0.0296  -0.0258    63    68    43    36    5.1    5.3    2.0   -1.3    80    76    72    45
   15.440      387 00100011   0.1426  -0.0070  -0.0183  -0.0191    37    48    36    54    0.5    2.3    0.5    2.2    51    61    66    72
   15.480      388 00100011   0.1458  -0.0031  -0.0202  -0.0231    49   100    49    52    2.9    8.6    3.2    1.9    66    90    87    76
   15.520      389 00100011   0.1400  -0.0052  -0.0221  -0.0212    66    58    55    55    5.5    3.9    4.2    2.3    87    66    76    78
   15.560      390 00100011   0.1691  -0.0145  -0.0261  -0.0235    55    34    24    36    3.9   -0.7   -3.0   -1.3    60    29    31    31
   15.600      391 00100011  -0.0389  -0.1500   0.0270  -0.0180    35    32    25    33    0.0   -1.3   -2.7   -2.1    20    17     9    36
   15.640      392 00100011   0.1316   0.0070  -0.0239  -0.0236    37    48    32    35    0.5    2.3   -0.5   -1.6    38    61    43    37
   15.680      393 00100011   0.1258  -0.0106  -0.0183  -0.0180    44    42    32    40    2.0    1.1   -0.5   -0.4    67    55    34    32
   15.720      394 00100011   0.0622  -0.0263  -0.0230  -0.0121    33    47    26    54   -0.5    2.1   -2.3    2.2    42    47    54    83
   15.760      395 00100011   0.1653  -0.0693  -0.0231  -0.0053    42    54    27    44    1.6    3.3   -2.0    0.4    59    60    17    42
   15.800      396 00100011   0.1434  -0.0078  -0.0137  -0.0201    29    35    33    43   -1.6   -0.5   -0.3    0.2    38    44    78    42
   15.840      397 00100011   0.1699  -0.0478  -0.0079  -0.0363    39    31    28    53    0.9   -1.5   -1.7    2.0    55     7    36    71
   15.880      398 00100011   0.1230  -0.0287  -0.0106   0.0059    29    39    32    35   -1.6    0.5   -0.5   -1.6    30    57    42    32
   15.920      399 00100011   0.1426  -0.0213  -0.0126  -0.0111    34    43    48    74   -0.3    1.3    3.0    4.9    46    41    72    76
   15.960      400 00100011   0.1366   0.0102  -0.0059  -0.0036    38    34    29    42    0.7   -0.7   -1.4    0.0    36    36    66    62
   16.000      401 00100011   0.1409  -0.0322  -0.0030  -0.0136    34    33    30    47   -0.3   -1.0   -1.1    1.0    21    38    35    43
   16.040      402 00100011   0.1218   0.0021  -0.0108  -0.0185    36    36    31    51    0.2   -0.2   -0.8    1.7    57    36    51    67
   16.080      403 00100011   0.2116  -0.0144   0.0076  -0.0151    38    37    41    72    0.7    0.0    1.6    4.7    21    23    46    83
   16.120      404 00100011   0.1374   0.0214  -0.0093  -0.0155    35    46    23    39    0.0    1.9   -3.4   -0.6    46    57    33    39
   16.160      405 00100011   0.1720   0.1919  -0.0031   0.0338    35    26    31    45    0.0   -3.1   -0.8    0.6    33    20    75    74
   16.200      406 00100011   0.1166  -0.0074  -0.0184  -0.0176    37    37    37    52    0.5    0.0    0.7    1.9    34    43    55    64
   16.240      407 00100011   0.1603   0.0197  -0.0099  -0.0108    37    35    33    54    0.5   -0.5   -0.3    2.2    45    55    53    75
   16.280      408 00100011   0.1316  -0.0060  -0.0089  -0.0098    45    56    35    39    2.2    3.6    0.3   -0.6    65    83    49    66
   16.320      409 00100011   0.1093  -0.0115  -0.0114  -0.0101    38    35    28    42    0.7   -0.5   -1.7    0.0    29    56    36    68
   16.360      410 00100011   0.1729   0.2354  -0.0301  -0.0776    34    30    26    34   -0.3   -1.8   -2.3   -1.8    23    19    29    67
   16.400      411 00100011   0.1117  -0.0300  -0.0085  -0.0132    30    32    23    36   -1.3   -1.3   -3.4   -1.3     8    21    53    10
   16.440      412 00100011   0.0560  -0.0580  -0.0042   0.0074    32    33    26    32   -0.8   -1.0   -2.3   -2.4    47    30    35    36
   16.480      413 00100011   0.0987  -0.0336  -0.0117  -0.0169    36    34    25    34    0.2   -0.7   -2.7   -1.8    38    32    36    57
   16.520      414 00100011   0.1477   0.0183  -0.0077  -0.0063    34    39    27    50   -0.3    0.5   -2.0    1.5    34    46    29    62
   16.560      415 00100011   0.1397  -0.0019  -0.0127  -0.0110    29    44    37    66   -1.6    1.5    0.7    3.9    49    54    60    82
   16.600      416 00100011   0.1194   0.0232  -0.0108  -0.0146    45    62    36    39    2.2    4.5    0.5   -0.6    57    82    61    64
   16.640      417 00100011   0.1152  -0.0158  -0.0113  -0.0008    45    44    29    49    2.2    1.5   -1.4    1.3    47    49    57    29
   16.680      418 00100011   0.1352  -0.0330  -0.0088  -0.0139    45    41    33    43    2.2    0.9   -0.3    0.2    46    55    50    67
   16.720      419 00100011   0.1220  -0.0099  -0.0053  -0.0129    46    42    37    40    2.4    1.1    0.7   -0.4    65    50    43    33
   16.760      420 00100011   0.0536  -0.0136   0.0128  -0.0140    35    39    28    44    0.0    0.5   -1.7    0.4    30    16    12    53
   16.800      421 00100011   0.1344   0.0007  -0.0229  -0.0224    34    46    63    49   -0.3    1.9    5.4    1.3    33    51    88    68
   16.840      422 00100011   0.1288  -0.0118  -0.0220  -0.0191    50    57    37    39    3.1    3.8    0.7   -0.6    79    71    68    48
   16.880      423 00100011   0.1336  -0.0096  -0.0247  -0.0200    35    39    33    36    0.0    0.5   -0.3   -1.3    68    49    48    58
   16.920      424 00100011   0.1310  -0.0001  -0.0288  -0.0187    31    30    38    57   -1.1   -1.8    1.0    2.7     8    36    52    75
   16.960      425 00100011   0.1536   0.0031  -0.0252  -0.0194    41    48    72    66    1.4    2.3    6.5    3.9    68    61    90    78
   17.000      426 00100011   0.1653  -0.0192  -0.0340  -0.0207    61    37    31    44    4.8    0.0   -0.8    0.4    87    56    32    50
   17.040      427 00100011   0.1609  -0.0110  -0.0216  -0.0280    43    34    38    51    1.8   -0.7    1.0    1.7    49    37    75    72
   17.080      428 00100011   0.1735  -0.0263  -0.0290  -0.0267    30    30    30    52   -1.3   -1.8   -1.1    1.9    42    14    39    68
   17.120      429 00100011   0.1587  -0.0017  -0.0235  -0.0176    34    41    27    40   -0.3    0.9   -2.0   -0.4    71    34    51    34
   17.160      430 00100011   0.1563  -0.0641  -0.0270  -0.0124    31    40    36    36   -1.1    0.7    0.5   -1.3    41    22    58    42
   17.200      431 00100011   0.2139  -0.0370  -0.0201  -0.0205    28    41    34    42   -1.9    0.9    0.0    0.0    30    38    35    48
   17.240      432 00100011   0.1258  -0.0011  -0.0178  -0.0224    43    66    40    73    1.8    5.0    1.4    4.8    61    81    57    68
   17.280      433 00100011   0.1148   0.0090  -0.0189  -0.0245    56    59    37    43    4.1    4.1    0.7    0.2    76    78    66    39
   17.320      434 00100011   0.1381   0.0035  -0.0136  -0.0158    45    42    33    60    2.2    1.1   -0.3    3.1    37    52    60    66
   17.360      435 00100011   0.1328  -0.0314  -0.0102  -0.0216    38    33    27    39    0.7   -1.0   -2.0   -0.6    31    29    29    50
   17.400      436 00100011   0.2161  -0.0285   0.0078  -0.0165    35    34    33    42    0.0   -0.7   -0.3    0.0     9    21    55    30
   17.440      437 00100011   0.1035   0.0199  -0.0178  -0.0125    34    52    37    45   -0.3    3.0    0.7    0.6    53    72    70    16
   17.480      438 00100011   0.1236  -0.0633  -0.0116  -0.0089    46    40    31    40    2.4    0.7   -0.8   -0.4    70    42    29    32
   17.520      439 00100011   0.1639   0.0479  -0.0295  -0.0040    40    37    29    45    1.2    0.0   -1.4    0.6    30     4    49    13
   17.560      440 00100011   0.1009   0.0605  -0.0215  -0.0159    34    41    33    39   -0.3    0.9   -0.3   -0.6    22    35    54    41
   17.600      441 00100011   0.0327   0.0266  -0.0412  -0.0232    40    38    30    40    1.2    0.2   -1.1   -0.4    30    42    24    39
   17.640      442 00100011   0.0578  -0.0296  -0.0264  -0.0292    32    34    33    36   -0.8   -0.7   -0.3   -1.3    10    27    74    59
   17.680      443 00100011   0.0895  -0.0237  -0.0233  -0.0239    38    44    58    72    0.7    1.5    4.6    4.7    59    52    86    79
   17.720      444 00100011   0.1164  -0.0025  -0.0257  -0.0236    39    38    38    58    0.9    0.2    1.0    2.8    56    53    57    59
   17.760      445 00100011   0.1199  -0.0413  -0.0179  -0.0292    42    38    44    66    1.6    0.2    2.2    3.9    43    54    70    78
   17.800      446 00100011   0.1706  -0.0374  -0.0394  -0.0339    50    39    30    52    3.1    0.5   -1.1    1.9    68    43    24    50
   17.840      447 00100011   0.1132   0.1860  -0.0335   0.0165    32    34    35    42   -0.8   -0.7    0.3    0.0     6    27    49    27
   17.880      448 00100011   0.1481  -0.0169  -0.0268  -0.0313    35    42    43    71    0.0    1.1    2.0    4.6    25    44    70    89
   17.920      449 00100011   0.1387   0.0078  -0.0286  -0.0314    39    41    30    38    0.9    0.9   -1.1   -0.9    35    44    56    53
   17.960      450 00100011   0.1107   0.0129  -0.0218  -0.0208    47    60    35    35    2.6    4.2    0.3   -1.6    59    74    53    36
   18.000      451 00100011   0.1121   0.0082  -0.0180  -0.0176    56    47    33    38    4.1    2.1   -0.3   -0.9    77    81    47    24
   18.040      452 00100011   0.1142   0.0029  -0.0113  -0.0137    40    61    39    60    1.2    4.3    1.2    3.1    70    79    77    88
   18.080      453 00100011   0.0977   0.0207  -0.0140  -0.0214    52    43    33    40    3.4    1.3   -0.3   -0.4    69    70    73    79
   18.120      454 00100011   0.0694  -0.0342  -0.0169  -0.0056    35    38    24    42    0.0    0.2   -3.0    0.0    73    38    49    51
   18.160      455 00100011   0.0919   0.0017  -0.0124  -0.0102    34    36    48    53   -0.3   -0.2    3.0    2.0    42    47    89    73
   18.200      456 00100011   0.1023  -0.0289  -0.0088  -0.0108    38    46    60    90    0.7    1.9    4.9    6.6    41    60    80    89
   18.240      457 00100011   0.0369   0.0171  -0.0196  -0.0122    36    42    32    38    0.2    1.1   -0.5   -0.9    70    74    63    41
   18.280      458 00100011   0.0857   0.0309  -0.0004  -0.0033    40    63    35    54    1.2    4.6    0.3    2.2    65    83    45    68
   18.320      459 00100011   0.0935   0.0317   0.0023   0.0004    37    30    46    51    0.5   -1.8    2.6    1.7    74    53    87    65
   18.360      460 00100011   0.0968   0.0120  -0.0034  -0.0021    40    74   162    88    1.2    6.0   13.6    6.4    46    89    96    93
   18.400      461 00100011   0.0899   0.0005  -0.0037  -0.0034   110   143   155   135    9.9   11.7   13.2   10.1    95    97    97    98
   18.440      462 00100011   0.0871  -0.0007  -0.0039  -0.0045   147   132    83   107   12.5   11.0    7.8    8.1    98    94    95    93
   18.480      463 00100011   0.1076  -0.0115  -0.0111  -0.0053    96    48    30    53    8.8    2.3   -1.1    2.0    94    46    50    64
   18.520      464 00100011   0.0807   0.0147  -0.0084  -0.0083    38    34    28    49    0.7   -0.7   -1.7    1.3    54    44    30    65
   18.560      465 00100011   0.0790   0.0023  -0.0176  -0.0128    31    30    32    43   -1.1   -1.8   -0.5    0.2    26    14    32    62
   18.600      466 00100011   0.0670  -0.0455  -0.0133  -0.0323    32    36    35    33   -0.8   -0.2    0.3   -2.1    55    10    61    44
   18.640      467 00100011   0.0656  -0.0056  -0.0219  -0.0133    40    47    34    42    1.2    2.1    0.0    0.0    35    69    66    67
   18.680      468 00100011   0.1083   0.0035  -0.0179  -0.0204    55    45    31    39    3.9    1.7   -0.8   -0.6    74    54    60    46
   18.720      469 00100011   0.1099   0.0169  -0.0248  -0.0268    34    36    44    38   -0.3   -0.2    2.2   -0.9    34    46    67    45
   18.760      470 00100011   0.0961   0.0100  -0.0228  -0.0168    50    40    37    41    3.1    0.7    0.7   -0.2    62    54    63    61
   18.800      471 00100011   0.2605   0.0171  -0.0605  -0.0250    36    34    30    35    0.2   -0.7   -1.1   -1.6    52    48     9    30
   18.840      472 00100011   0.0790   0.0222  -0.0331  -0.0257    34    39    32    38   -0.3    0.5   -0.5   -0.9    16    69    63    65
   18.880      473 00100011   0.2430   0.0339   0.0066  -0.0302    34    63    27    35   -0.3    4.6   -2.0   -1.6     5    74    42    46
   18.920      474 00100011   0.1077  -0.0125  -0.0333  -0.0184    35    42    28    33    0.0    1.1   -1.7   -2.1    57    57    43    51
   18.960      475 00100011  -0.0540   0.0074  -0.0649  -0.0206    34    44    48    56   -0.3    1.5    3.0    2.5     6    27    63    58
   19.000      476 00100011   0.0850  -0.0143  -0.0231  -0.0231    54    39    34    51    3.8    0.5    0.0    1.7    84    39    69    76
   19.040      477 00100011   0.1037  -0.0058  -0.0203  -0.0245    36    43    31    45    0.2    1.3   -0.8    0.6    23    49    47    51
   19.080      478 00100011   0.1372  -0.0074  -0.0196  -0.0349    38    30    29    37    0.7   -1.8   -1.4   -1.1    33    51    63    62
   19.120      479 00100011   0.0476  -0.0143  -0.0217  -0.0263    39    45    29    39    0.9    1.7   -1.4   -0.6    38    68    45    57
   19.160      480 00100011  -0.1838  -0.0104   0.0317  -0.0299    35    37    29    42    0.0    0.0   -1.4    0.0    57    35    21    79
   19.200      481 00100011   0.0660   0.0046  -0.0198  -0.0220    31    32    31    47   -1.1   -1.3   -0.8    1.0    61    50    17    66
   19.240      482 00100011   0.0369  -0.0532  -0.0320  -0.0263    34    39    34    60   -0.3    0.5    0.0    3.1    51    51    70    77
   19.280      483 00100011   0.0355  -0.0393  -0.0289  -0.0207    33    35    24    45   -0.5   -0.5   -3.0    0.6    58    60    27    58
   19.320      484 00100011   0.0239  -0.0114  -0.0265  -0.0206    33    37    34    40   -0.5    0.0    0.0   -0.4    42    77    61    66
   19.360      485 00100011   0.0993  -0.0195  -0.0197  -0.0295    32    31    43    71   -0.8   -1.5    2.0    4.6    16    37    77    86
   19.400      486 00100011   0.0513  -0.0777  -0.0283  -0.0422    37    43    32    54    0.5    1.3   -0.5    2.2    26    14    49    71
   19.440      487 00100011   0.0782  -0.0561  -0.0409  -0.0265    33    34    28    39   -0.5   -0.7   -1.7   -0.6    53    25     6    32
   19.480      488 00100011   0.2272  -0.0658  -0.0520  -0.0482    34    26    29    39   -0.3   -3.1   -1.4   -0.6    22    21    24    35
   19.520      489 00100011  -0.0848   0.0648  -0.0424   0.0131    30    32    30    38   -1.3   -1.3   -1.1   -0.9    12    12     7    44
   19.560      490 00100011   0.0002  -0.0855  -0.0445  -0.0301    30    36    32    55   -1.3   -0.2   -0.5    2.3    18    10    64    82
   19.600      491 00100011   0.0319  -0.0330  -0.0276  -0.0187    31    38    31    39   -1.1    0.2   -0.8   -0.6    31    44    66    59
   19.640      492 00100011   0.0459   0.0125  -0.0186  -0.0079    34    39    69    56   -0.3    0.5    6.1    2.5    37    45    92    66
   19.680      493 00100011   0.0843   0.0116  -0.0119  -0.0125    58    88    99   108    4.4    7.5    9.3    8.2    83    92    94    92
   19.720      494 00100011   0.0731   0.0141  -0.0123  -0.0125   107   119    68    64    9.7   10.1    6.0    3.7    95    94    86    81
   19.760      495 00100011   0.0612   0.0056  -0.0088  -0.0059    79    89    55    82    7.1    7.6    4.2    5.8    81    85    88    89
   19.800      496 00100011   0.0620   0.0131  -0.0068  -0.0063    49    46    44    83    2.9    1.9    2.2    5.9    77    60    84    91
   19.840      497 00100011   0.0923   0.0436  -0.0153  -0.0069    50    42    34    50    3.1    1.1    0.0    1.5    61    62    49    59
   19.880      498 00100011   0.0700   0.0116  -0.0134  -0.0124    37    56    74    81    0.5    3.6    6.8    5.7    41    81    93    88
   19.920      499 00100011   0.0496  -0.0009  -0.0133  -0.0122    53    48    43   106    3.6    2.3    2.0    8.0    80    82    81    96
   19.960      500 00100011   0.0776  -0.0100  -0.0137  -0.0184    46    34    43    62    2.4   -0.7    2.0    3.4    75    28    67    84
   20.000      501 00100011   0.0568   0.0228  -0.0212  -0.0195    38    40    31    44    0.7    0.7   -0.8    0.4    34    57    77    53
   20.040      502 00100011   0.0464   0.0139  -0.0165  -0.0104    54    42    54    39    3.8    1.1    4.0   -0.6    74    53    93    40
   20.080      503 00100011   0.0803  -0.0076  -0.0106  -0.0133    56    54   101    70    4.1    3.3    9.5    4.4    79    80    96    85
   20.120      504 00100011   0.0825   0.0062  -0.0141  -0.0099   107    96    67    59    9.7    8.3    5.9    3.0    96    90    82    77
   20.160      505 00100011   0.0690  -0.0138  -0.0116  -0.0163   123    49    48    39   10.9    2.4    3.0   -0.6    97    65    92    49
   20.200      506 00100011   0.0764   0.0062  -0.0125  -0.0130    62    66    74    74    5.0    5.0    6.8    4.9    82    73    91    89
   20.240      507 00100011   0.0678  -0.0007  -0.0176  -0.0165   101   102    96    96    9.2    8.8    9.0    7.2    96    95    95    93
   20.280      508 00100011   0.0690   0.0025  -0.0180  -0.0182   120   105    58    99   10.7    9.1    4.6    7.4    94    91    91    87
   20.320      509 00100011   0.0686   0.0033  -0.0183  -0.0193   121    87    51    72   10.8    7.4    3.5    4.7    95    89    78    75
   20.360      510 00100011   0.1056   0.0177  -0.0250  -0.0201   100    53    36    47    9.1    3.1    0.5    1.0    90    64    54    46
   20.400      511 00100011   0.0596  -0.0023  -0.0062  -0.0205    40    45    27    46    1.2    1.7   -2.0    0.8    60    12    20    20
   20.440      512 00100011  -0.0110  -0.0031  -0.0219  -0.0185    29    31    28    45   -1.6   -1.5   -1.7    0.6    44    47    46    69
   20.480      513 00100011   0.0030   0.0159  -0.0365  -0.0050    31    36    28    45   -1.1   -0.2   -1.7    0.6    27    35    28    65
   20.520      514 00100011   0.1182   0.0242  -0.0002  -0.0021    32    39    28    34   -0.8    0.5   -1.7   -1.8    36    55    24    28
   20.560      515 00100011   0.0668  -0.0001  -0.0128  -0.0061    51   120    40    61    3.3   10.2    1.4    3.2    67    93    56    75
   20.600      516 00100011   0.1176   0.0048  -0.0195  -0.0125    43   100    30    44    1.8    8.6   -1.1    0.4    46    89     3    68
   20.640      517 00100011   0.0947   0.0173  -0.0126  -0.0122    39    47    26    50    0.9    2.1   -2.3    1.5    58    67    57    59
   20.680      518 00100011   0.0733   0.0084  -0.0114  -0.0133    41    52    30    49    1.4    3.0   -1.1    1.3    72    61    39    58
   20.720      519 00100011   0.0643  -0.0074  -0.0111  -0.0265    39    35    36    35    0.9   -0.5    0.5   -1.6    61    33    63    24
   20.760      520 00100011   0.0486  -0.0027  -0.0077  -0.0092    34    33    46    43   -0.3   -1.0    2.6    0.2    48    23    84    44
   20.800      521 00100011   0.0795  -0.0074  -0.0056  -0.0139    33    42    60    50   -0.5    1.1    4.9    1.5    10    49    94    72
   20.840      522 00100011   0.0616  -0.0281  -0.0138  -0.0139    37    38    41    53    0.5    0.2    1.6    2.0    52    34    71    75
   20.880      523 00100011   0.1023   0.0033  -0.0363  -0.0294    36    41    25    41    0.2    0.9   -2.7   -0.2    31    32    52    47
   20.920      524 00100011   0.0610   0.0124  -0.0281  -0.0125    43    41    31    31    1.8    0.9   -0.8   -2.6    33    43    27    45
   20.960      525 00100011   0.0384   0.0041  -0.0206  -0.0118    40    48    34    51    1.2    2.3    0.0    1.7    34    77    82    75
   21.000      526 00100011   0.0546   0.0062  -0.0096  -0.0045    56    65    30    39    4.1    4.9   -1.1   -0.6    74    73    19    48
   21.040      527 00100011   0.0457   0.0270  -0.0129  -0.0078    34    48    32    48   -0.3    2.3   -0.5    1.2    55    78    33    58
   21.080      528 00100011   0.1324  -0.0084  -0.0265  -0.0175    34    40    30    49   -0.3    0.7   -1.1    1.3    61    44    36    68
   21.120      529 00100011   0.1393   0.0183  -0.0101  -0.0163    36    43    30    53    0.2    1.3   -1.1    2.0    25    53    38    69
   21.160      530 00100011  -0.0016  -0.0001  -0.0219  -0.0207    36    41    42    62    0.2    0.9    1.8    3.4    15    38    72    77
   21.200      531 00100011   0.1084  -0.0344  -0.0043  -0.0225    41    39    43    56    1.4    0.5    2.0    2.5     9    20    74    72
   21.240      532 00100011   0.0646  -0.0084  -0.0150  -0.0141    48    43    39    49    2.7    1.3    1.2    1.3    62    78    36    63
   21.280      533 00100011   0.0375  -0.0164  -0.0172  -0.0179    59    42    54    49    4.5    1.1    4.0    1.3    46    47    86    42
   21.320      534 00100011   0.0506   0.0029  -0.0158  -0.0153    71    87    84    75    6.1    7.4    7.9    5.0    91    91    94    83
   21.360      535 00100011   0.0472  -0.0003  -0.0157  -0.0137    70    94    89    69    6.0    8.1    8.4    4.3    90    92    93    86
   21.400      536 00100011   0.0482   0.0056  -0.0149  -0.0155    80   102    87    83    7.2    8.8    8.2    5.9    91    94    94    89
   21.440      537 00100011   0.0406   0.0048  -0.0131  -0.0165    85    95    41    65    7.7    8.2    1.6    3.8    93    93    56    86
   21.480      538 00100011   0.0821  -0.0005  -0.0235  -0.0150    72    64    31    47    6.3    4.8   -0.8    1.0    94    87    15    53
   21.520      539 00100011  -0.0035   0.0147   0.0021  -0.0117    52    47    31    50    3.4    2.1   -0.8    1.5    82    65    37    49
   21.560      540 00100011   0.0649   0.0461  -0.0007  -0.0135    42    34    29    38    1.6   -0.7   -1.4   -0.9    20    17    30    50
   21.600      541 00100011  -0.0168  -0.0170   0.0147  -0.0082    37    36    25    54    0.5   -0.2   -2.7    2.2    70    65    11    82
   21.640      542 00100011  -0.0891   0.0183  -0.0195   0.0021    35    32    32    39    0.0   -1.3   -0.5   -0.6     3    44    21    44
   21.680      543 00100011   0.0959   0.0542   0.0086   0.0147    33    32    31    54   -0.5   -1.3   -0.8    2.2    25    19    57    49
   21.720      544 00100011   0.0680  -0.0229  -0.0043  -0.0117    32    36    29    35   -0.8   -0.2   -1.4   -1.6    57    42    67    42
   21.760      545 00100011  -0.0796   0.0013   0.0310  -0.0049    38    59    28    38    0.7    4.1   -1.7   -0.9    47    76    21    57
   21.800      546 00100011  -0.0046  -0.0249   0.0084  -0.0002    49    49    24    41    2.9    2.4   -3.0   -0.2    81    72    36    44
   21.840      547 00100011   0.0207   0.0032   0.0039   0.0060    36    42    25    35    0.2    1.1   -2.7   -1.6    22    36     8    72
