    3.320       84 00100011  -0.0262  -0.0121  -0.0103  -0.0033    35    82    45    40    0.0    6.9    2.4   -0.4    28    87    73    59
    3.360       85 00100011  -0.0401   0.0112  -0.0094  -0.0057    34    78    50    31   -0.3    6.5    3.3   -2.6    30    91    83    60
    3.400       86 00100011  -0.0339   0.0228  -0.0173  -0.0108    33    94    53    44   -0.5    8.1    3.9    0.4    32    92    84    64
    3.440       87 00100011  -0.0202   0.0090  -0.0080  -0.0046    34    79    49    47   -0.3    6.6    3.2    1.0    46    91    84    51
    3.480       88 00100011   0.0112   0.0112  -0.0081  -0.0068    29    96    53    45   -1.6    8.3    3.9    0.6    32    92    75    64
    3.520       89 00100011  -0.0237   0.0050  -0.0112  -0.0049    35    92    47    50    0.0    7.9    2.8    1.5    41    93    77    65
    3.560       90 00100011  -0.0110   0.0092  -0.0061  -0.0043    38    93    50    37    0.7    8.0    3.3   -1.1    39    95    81    44
    3.600       91 00100011  -0.0074   0.0086  -0.0105  -0.0073    37    82    55    43    0.5    6.9    4.2    0.2    49    92    81    61
    3.640       92 00100011  -0.0160  -0.0011  -0.0089  -0.0041    44    81    48    36    2.0    6.8    3.0   -1.3    54    89    75    34
    3.680       93 00100011  -0.0033   0.0286  -0.0046  -0.0079    47    77    53    45    2.6    6.4    3.9    0.6    69    92    86    66
    3.720       94 00100011   0.0223   0.0098  -0.0106  -0.0046    47    73    55    40    2.6    5.9    4.2   -0.4    64    90    70    57
    3.760       95 00100011   0.0203   0.0211  -0.0073  -0.0088    39    71    50    52    0.9    5.7    3.3    1.9    51    91    76    63
    3.800       96 00100011   0.0095   0.0060  -0.0057  -0.0051    46    67    48    52    2.4    5.2    3.0    1.9    68    88    74    74
    3.840       97 00100011  -0.0082   0.0015  -0.0092  -0.0026    40    54    54    54    1.2    3.3    4.0    2.2    45    85    67    76
    3.880       98 00100011   0.0241  -0.0047  -0.0085  -0.0041    38    56    52    52    0.7    3.6    3.7    1.9    71    85    68    65
    3.920       99 00100011   0.0059   0.0062  -0.0044  -0.0063    37    51    46    46    0.5    2.8    2.6    0.8    35    79    74    67
    3.960      100 00100011  -0.0102  -0.0036  -0.0050  -0.0048    36    47    47    51    0.2    2.1    2.8    1.7    60    65    78    59
    4.000      101 00100011   0.0067   0.0205  -0.0075  -0.0112    40    50    42    39    1.2    2.6    1.8   -0.6    53    68    67    58
    4.040      102 00100011  -0.0231  -0.0180  -0.0074  -0.0015    37    46    37    53    0.5    1.9    0.7    2.0    31    64    69    54
    4.080      103 00100011   0.0185  -0.0015  -0.0043  -0.0055    30    41    34    38   -1.3    0.9    0.0   -0.9    50    58    57    61
    4.120      104 00100011  -0.0144  -0.0119  -0.0100  -0.0026    44    39    34    40    2.0    0.5    0.0   -0.4    43    52    48    61
    4.160      105 00100011   0.0109   0.0187   0.0012  -0.0151    31    34    28    41   -1.1   -0.7   -1.7   -0.2    24    42    59    58
    4.200      106 00100011  -0.0048  -0.0002   0.0064  -0.0003    36    38    28    37    0.2    0.2   -1.7   -1.1    27    42    35    63
    4.240      107 00100011  -0.0152  -0.0407  -0.0188   0.0009    36    36    28    39    0.2   -0.2   -1.7   -0.6    37    28    53    32
    4.280      108 00100011  -0.0140   0.0029  -0.0106  -0.0093    37    33    26    28    0.5   -1.0   -2.3   -3.5    50    19    36    40
    4.320      109 00100011  -0.0044  -0.0136  -0.0046   0.0063    43    33    29    38    1.8   -1.0   -1.4   -0.9    51    21    40    50
    4.360      110 00100011  -0.0186  -0.0162   0.0027   0.0007    40    33    30    35    1.2   -1.0   -1.1   -1.6    49    30    36    44
    4.400      111 00100011  -0.0858  -0.0624   0.0097   0.0111    40    34    28    35    1.2   -0.7   -1.7   -1.6    54    41     7    15
    4.440      112 00100011  -0.0180  -0.0178  -0.0033  -0.0081    41    26    30    33    1.4   -3.1   -1.1   -2.1    55    28    28    15
    4.480      113 00100011   0.0024   0.0029  -0.0077  -0.0001    33    31    31    32   -0.5   -1.5   -0.8   -2.4    57    27    42    49
    4.520      114 00100011   0.0089   0.0086   0.0014  -0.0027    35    30    25    34    0.0   -1.8   -2.7   -1.8    43    34    37    52
    4.560      115 00100011   0.0034  -0.0140  -0.0045   0.0051    37    33    26    40    0.5   -1.0   -2.3   -0.4    21    12    26    43
    4.600      116 00100011   0.0008   0.0523   0.0022  -0.0015    37    37    25    38    0.5    0.0   -2.7   -0.9    55    12    48    39
    4.640      117 00100011   0.0051  -0.0453  -0.0198  -0.0031    30    41    27    37   -1.3    0.9   -2.0   -1.1    47     1    33    19
    4.680      118 00100011   0.0357  -0.0336  -0.0029  -0.0044    35    34    26    38    0.0   -0.7   -2.3   -0.9    36    23    23    46
    4.720      119 00100011  -0.0196   0.0374   0.0017  -0.0355    33    36    26    40   -0.5   -0.2   -2.3   -0.4    33    27    33    14
    4.760      120 00100011   0.0327  -0.0419  -0.0102  -0.0246    35    33    23    34    0.0   -1.0   -3.4   -1.8    13    42    28    60
    4.800      121 00100011  -0.1725  -0.0324   0.0416   0.0003    31    35    30    40   -1.1   -0.5   -1.1   -0.4    34    22    29    16
    4.840      122 00100011   0.0241   0.0490  -0.0109  -0.0245    32    36    31    38   -0.8   -0.2   -0.8   -0.9    18    38    33    22
    4.880      123 00100011   0.0291   0.0288  -0.0132  -0.0129    38    34    24    42    0.7   -0.7   -3.0    0.0    50    45    40    46
    4.920      124 00100011   0.0451  -0.0069  -0.0124   0.0051    30    34    25    29   -1.3   -0.7   -2.7   -3.2    40    27    12    43
    4.960      125 00100011  -0.0227   0.1199  -0.0171   0.0070    35    31    27    34    0.0   -1.5   -2.0   -1.8    35    23    22    31
    5.000      126 00100011   0.0194  -0.0437  -0.0192  -0.0070    32    34    30    37   -0.8   -0.7   -1.1   -1.1    29    27    39    52
    5.040      127 00100011   0.0141   0.0116   0.0034  -0.0117    32    31    28    42   -0.8   -1.5   -1.7    0.0    23    33    32    51
    5.080      128 00100011   0.0179   0.0070  -0.0083   0.0091    34    32    29    32   -0.3   -1.3   -1.4   -2.4    44     9    11     9
    5.120      129 00100011   0.0094  -0.0036  -0.0175  -0.0053    35    30    29    37    0.0   -1.8   -1.4   -1.1    15    14    19     4
    5.160      130 00100011  -0.1733   0.0464   0.0302  -0.0048    32    33    27    34   -0.8   -1.0   -2.0   -1.8    28    13     9    27
    5.200      131 00100011  -0.0832  -0.0636  -0.0108  -0.0035    35    31    25    35    0.0   -1.5   -2.7   -1.6    23    18    12    10
    5.240      132 00100011  -0.2329  -0.2080   0.0420   0.0493    30    29    25    32   -1.3   -2.1   -2.7   -2.4    44    44     8    50
    5.280      133 00100011   0.0149  -0.2126  -0.0020   0.0156    39    35    28    31    0.9   -0.5   -1.7   -2.6    37     8    39     3
    5.320      134 00100011  -0.0384   0.0092  -0.0070  -0.0158    33    33    27    33   -0.5   -1.0   -2.0   -2.1    37    21    32    34
    5.360      135 00100011   0.0002  -0.0526  -0.0085  -0.0041    31    35    30    33   -1.1   -0.5   -1.1   -2.1    43    25    59    42
    5.400      136 00100011   0.0118   0.0072  -0.0176  -0.0134    37    35    35    47    0.5   -0.5    0.3    1.0    46    41    57    43
    5.440      137 00100011   0.0016  -0.0100  -0.0158  -0.0187    36    36    33    49    0.2   -0.2   -0.3    1.3    43    35    27    60
    5.480      138 00100011  -0.0468  -0.0030  -0.0158  -0.0008    37    45    29    37    0.5    1.7   -1.4   -1.1    21    58    41    44
    5.520      139 00100011   0.0373  -0.0067   0.0018  -0.0078    36    36    29    39    0.2   -0.2   -1.4   -0.6    34    53    57    29
    5.560      140 00100011   0.0267  -0.0168  -0.0027  -0.0020    35    40    32    38    0.0    0.7   -0.5   -0.9    24    58    52    53
    5.600      141 00100011   0.0032   0.0331  -0.0105  -0.0085    33    42    39    30   -0.5    1.1    1.2   -2.9    24    29    58    40
    5.640      142 00100011   0.0016  -0.0162  -0.0025  -0.0081    38    34    30    44    0.7   -0.7   -1.1    0.4    40    41    51    56
    5.680      143 00100011   0.0073   0.0191  -0.0040  -0.0092    39    35    36    49    0.9   -0.5    0.5    1.3    49    43    52    67
    5.720      144 00100011   0.0093  -0.0067  -0.0046  -0.0100    31    39    38    49   -1.1    0.5    1.0    1.3    40    44    53    77
    5.760      145 00100011   0.0179  -0.0063   0.0024  -0.0088    39    39    37    37    0.9    0.5    0.7   -1.1    33    54    65    75
    5.800      146 00100011  -0.0009  -0.0063  -0.0003  -0.0079    33    47    37    45   -0.5    2.1    0.7    0.6    51    63    67    51
    5.840      147 00100011   0.0197   0.0074   0.0000  -0.0103    32    42    30    43   -0.8    1.1   -1.1    0.2    28    56    61    64
    5.880      148 00100011  -0.0037   0.0131  -0.0039  -0.0046    40    32    28    32    1.2   -1.3   -1.7   -2.4    47    57    57    49
    5.920      149 00100011   0.0324  -0.0051   0.0022  -0.0050    33    34    37    39   -0.5   -0.7    0.7   -0.6    19    34    62    54
    5.960      150 00100011   0.0398   0.2230  -0.0043   0.0426    33    32    38    40   -0.5   -1.3    1.0   -0.4    25    24    81    54
    6.000      151 00100011  -0.0298   0.0258  -0.0170  -0.0082    36    35    28    40    0.2   -0.5   -1.7   -0.4    38    36    67    46
    6.040      152 00100011   0.0561   0.0078   0.0100  -0.0062    30    35    36    43   -1.3   -0.5    0.5    0.2    13    39    64    65
    6.080      153 00100011  -0.0039   0.0037  -0.0126  -0.0129    31    39    42    47   -1.1    0.5    1.8    1.0    30    49    70    65
    6.120      154 00100011  -0.0015  -0.0134  -0.0088  -0.0138    34    37    44    52   -0.3    0.0    2.2    1.9    39    30    77    70
    6.160      155 00100011  -0.0078   0.0013  -0.0132  -0.0098    37    39    38    51    0.5    0.5    1.0    1.7    58    24    75    70
    6.200      156 00100011  -0.0164   0.0031  -0.0139  -0.0087    39    34    48    53    0.9   -0.7    3.0    2.0    44    41    84    75
    6.240      157 00100011  -0.0162  -0.0178  -0.0121  -0.0145    39    35    43    51    0.9   -0.5    2.0    1.7    48    41    66    60
    6.280      158 00100011   0.0051  -0.0105  -0.0110  -0.0119    38    37    55    50    0.7    0.0    4.2    1.5    43    46    82    63
    6.320      159 00100011   0.0059   0.0143  -0.0087  -0.0067    34    37    51    55   -0.3    0.0    3.5    2.3    52    42    88    88
    6.360      160 00100011   0.0043   0.0189  -0.0080  -0.0082    38    40    49    61    0.7    0.7    3.2    3.2    54    56    85    80
    6.400      161 00100011  -0.0019   0.0074  -0.0092  -0.0097    36    40    57    69    0.2    0.7    4.5    4.3    48    54    84    85
    6.440      162 00100011  -0.0029   0.0118  -0.0076  -0.0083    37    43    50    76    0.5    1.3    3.3    5.2    36    50    84    89
    6.480      163 00100011   0.0067   0.0050  -0.0095  -0.0089    41    43    54    75    1.4    1.3    4.0    5.0    36    63    86    89
    6.520      164 00100011   0.0159   0.0011  -0.0086  -0.0105    38    43    57    66    0.7    1.3    4.5    3.9    59    66    85    87
    6.560      165 00100011   0.0063   0.0135  -0.0090  -0.0091    36    46    54    64    0.2    1.9    4.0    3.7    38    63    84    81
    6.600      166 00100011  -0.0019   0.0066  -0.0104  -0.0117    40    36    49    62    1.2   -0.2    3.2    3.4    39    64    89    89
    6.640      167 00100011  -0.0021   0.0031  -0.0102  -0.0098    43    40    41    58    1.8    0.7    1.6    2.8    52    45    79    80
    6.680      168 00100011  -0.0096   0.0254  -0.0159  -0.0067    43    31    36    39    1.8   -1.5    0.5   -0.6    61    51    70    71
    6.720      169 00100011   0.0000  -0.0146  -0.0091  -0.0058    36    35    35    33    0.2   -0.5    0.3   -2.1    50    27    56    34
    6.760      170 00100011  -0.0108  -0.1057  -0.0052  -0.0061    36    40    32    32    0.2    0.7   -0.5   -2.4    39    23    32    22
    6.800      171 00100011   0.0061   0.0242  -0.0089  -0.0108    35    39    28    41    0.0    0.5   -1.7   -0.2    29    41    48    38
    6.840      172 00100011  -0.3145  -0.0251   0.0406  -0.0049    34    38    26    31   -0.3    0.2   -2.3   -2.6    16    27    15    44
    6.880      173 00100011  -0.0388  -0.0166  -0.0151  -0.0043    35    37    27    33    0.0    0.0   -2.0   -2.1    30    63    33    31
    6.920      174 00100011  -0.2016  -0.0190   0.0433  -0.0057    35    40    23    34    0.0    0.7   -3.4   -1.8    44    43    13    40
    6.960      175 00100011   0.0449  -0.0164  -0.0195  -0.0038    39    40    23    44    0.9    0.7   -3.4    0.4    58    52    15    37
    7.000      176 00100011  -0.0305   0.0375   0.0044  -0.0196    42    43    23    32    1.6    1.3   -3.4   -2.4    48    33    35     3
    7.040      177 00100011  -0.0579   0.0288  -0.0037  -0.0154    42    39    29    32    1.6    0.5   -1.4   -2.4    57    52    32    36
    7.080      178 00100011   0.0233  -0.0227  -0.0184  -0.0138    43    40    26    35    1.8    0.7   -2.3   -1.6    55    28    28    51
    7.120      179 00100011   0.0059   0.0213  -0.0119  -0.0113    37    37    25    35    0.5    0.0   -2.7   -1.6    45    44    19    40
    7.160      180 00100011  -0.2568  -0.0075   0.0516  -0.0104    36    41    19    33    0.2    0.9   -5.1   -2.1    38    41    39    15
    7.200      181 00100011   0.1786   0.0351  -0.0627  -0.0229    32    46    27    36   -0.8    1.9   -2.0   -1.3    11    52    30    13
    7.240      182 00100011   0.1385   0.0068  -0.0449  -0.0104    39    43    29    35    0.9    1.3   -1.4   -1.6    53    47     5    34
    7.280      183 00100011   0.0549   0.0189  -0.0120  -0.0102    35    34    26    39    0.0   -0.7   -2.3   -0.6    32    45    24    28
    7.320      184 00100011   0.0594  -0.0121  -0.0292  -0.0022    39    39    27    37    0.9    0.5   -2.0   -1.1    50    50    20    40
    7.360      185 00100011  -0.0660   0.0116  -0.0011  -0.0141    36    49    24    33    0.2    2.4   -3.0   -2.1    55    75     9    54
    7.400      186 00100011   0.0063  -0.0301  -0.0068  -0.0023    36    44    27    30    0.2    1.5   -2.0   -2.9    45    73    11    44
    7.440      187 00100011  -0.0697  -0.0107   0.0021  -0.0081    34    51    24    42   -0.3    2.8   -3.0    0.0    36    73    10    43
    7.480      188 00100011   0.0167   0.0017  -0.0055  -0.0102    33    46    29    38   -0.5    1.9   -1.4   -0.9    13    76    46    49
    7.520      189 00100011  -0.0084  -0.0346  -0.0076  -0.0086    30    42    25    40   -1.3    1.1   -2.7   -0.4    28    67    49    65
    7.560      190 00100011   0.0010  -0.0134  -0.0047  -0.0156    32    37    24    35   -0.8    0.0   -3.0   -1.6    29    34    42    48
    7.600      191 00100011   0.0549  -0.0065  -0.0123  -0.0077    29    33    21    51   -1.6   -1.0   -4.2    1.7    15    27    13    72
    7.640      192 00100011   0.0065  -0.0174  -0.0008  -0.0097    29    31    23    38   -1.6   -1.5   -3.4   -0.9    42    28    34    70
    7.680      193 00100011  -0.0138   0.0307  -0.0027  -0.0060    30    32    25    33   -1.3   -1.3   -2.7   -2.1    21    26    31    51
    7.720      194 00100011   0.0310  -0.0048  -0.0083  -0.0121    33    32    24    38   -0.5   -1.3   -3.0   -0.9    32    41    28    57
    7.760      195 00100011  -0.0152   0.0005  -0.0154  -0.0040    31    32    26    46   -1.1   -1.3   -2.3    0.8    31    29    27    67
    7.800      196 00100011   0.0057  -0.0168  -0.0048  -0.0119    29    30    29    36   -1.6   -1.8   -1.4   -1.3    34    37    48    31
    7.840      197 00100011   0.0518  -0.0024   0.0110  -0.0009    30    38    32    31   -1.3    0.2   -0.5   -2.6    17    45    42    34
    7.880      198 00100011   0.0216  -0.0059   0.0043  -0.0025    31    34    28    48   -1.1   -0.7   -1.7    1.2    15    46    55    71
    7.920      199 00100011   0.0225   0.0133  -0.0016  -0.0078    39    46    33    39    0.9    1.9   -0.3   -0.6    53    75    52    49
    7.960      200 00100011   0.0229  -0.0097  -0.0045  -0.0038    39    43    31    40    0.9    1.3   -0.8   -0.4    41    70    78    64
    8.000      201 00100011   0.0308  -0.0063  -0.0041  -0.0033    39    40    34    53    0.9    0.7    0.0    2.0    57    52    70    72
    8.040      202 00100011  -0.0317  -0.0158   0.0049   0.0020    39    54    29    31    0.9    3.3   -1.4   -2.6    30    63    34    57
    8.080      203 00100011   0.0349  -0.0071  -0.0039   0.0000    42    48    30    42    1.6    2.3   -1.1    0.0    44    67    55    49
    8.120      204 00100011   0.0304   0.0218  -0.0047  -0.0063    49    40    41    39    2.9    0.7    1.6   -0.6    55    38    77    27
    8.160      205 00100011   0.0155   0.0147  -0.0003  -0.0022    49    38    40    45    2.9    0.2    1.4    0.6    60    55    68    37
    8.200      206 00100011   0.0143  -0.0105  -0.0029  -0.0079    48    39    27    54    2.7    0.5   -2.0    2.2    73    29    54    75
    8.240      207 00100011  -0.0017   0.0317  -0.0033  -0.0022    43    31    32    61    1.8   -1.5   -0.5    3.2    73    27    44    82
    8.280      208 00100011   0.0261   0.0209   0.0031   0.0024    35    31    33    60    0.0   -1.5   -0.3    3.1    39    13    57    82
    8.320      209 00100011   0.0227   0.0155  -0.0041  -0.0008    34    34    30    50   -0.3   -0.7   -1.1    1.5    22    60    49    80
    8.360      210 00100011  -0.0068   0.0068  -0.0036  -0.0071    34    43    29    49   -0.3    1.3   -1.4    1.3    42    61    46    74
    8.400      211 00100011   0.0301  -0.0186  -0.0143  -0.0027    32    46    26    34   -0.8    1.9   -2.3   -1.8    27    38    17    59
    8.440      212 00100011   0.0452  -0.0202   0.0098  -0.0027    33    37    24    38   -0.5    0.0   -3.0   -0.9    23    34    35    31
    8.480      213 00100011   0.0459  -0.0164   0.0016  -0.0076    31    31    30    44   -1.1   -1.5   -1.1    0.4     6    44    45    69
    8.520      214 00100011   0.0467  -0.0565   0.0016  -0.0239    31    31    28    53   -1.1   -1.5   -1.7    2.0    10    23    67    68
    8.560      215 00100011   0.0644  -0.0029   0.0035  -0.0088    35    36    29    46    0.0   -0.2   -1.4    0.8    28    36    45    62
    8.600      216 00100011   0.0353  -0.0101  -0.0129   0.0017    39    44    32    37    0.9    1.5   -0.5   -1.1    53    60    51    65
    8.640      217 00100011   0.0071   0.0011  -0.0021  -0.0078    36    57    28    37    0.2    3.8   -1.7   -1.1    54    84    24    47
    8.680      218 00100011   0.0306   0.0037  -0.0060  -0.0057    36    70    26    47    0.2    5.5   -2.3    1.0    36    84    38    58
    8.720      219 00100011   0.0584   0.0311  -0.0113  -0.0040    36    42    26    32    0.2    1.1   -2.3   -2.4    59    50    30    17
    8.760      220 00100011   0.0429   0.0179  -0.0097  -0.0143    41    53    32    30    1.4    3.1   -0.5   -2.9    62    70    27    23
    8.800      221 00100011   0.0339  -0.0543  -0.0029   0.0087    38    42    31    37    0.7    1.1   -0.8   -1.1    56    71    56    31
    8.840      222 00100011  -0.0382  -0.0049  -0.0206   0.0056    35    34    31    37    0.0   -0.7   -0.8   -1.1    21    12    47    30
    8.880      223 00100011   0.0335   0.0365  -0.0064  -0.0020    32    34    27    45   -0.8   -0.7   -2.0    0.6    39    28    20    52
    8.920      224 00100011  -0.1605  -0.0013   0.0398  -0.0124    32    35    24    38   -0.8   -0.5   -3.0   -0.9    31    25    19    47
    8.960      225 00100011  -0.1637  -0.0336   0.0388  -0.0001    38    37    24    32    0.7    0.0   -3.0   -2.4    41    49     7    19
    9.000      226 00100011   0.2486   0.0335  -0.0627  -0.0141    41    36    24    44    1.4   -0.2   -3.0    0.4    51    59    20    35
    9.040      227 00100011  -0.0104   0.1153   0.0012   0.0283    36    30    27    38    0.2   -1.8   -2.0   -0.9    48    21    25    15
    9.080      228 00100011   0.0957  -0.1188  -0.0207   0.0079    29    31    28    30   -1.6   -1.5   -1.7   -2.9    14    21    13    25
    9.120      229 00100011   0.0597  -0.1101   0.0296   0.0135    30    30    25    32   -1.3   -1.8   -2.7   -2.4     4    19    10    15
    9.160      230 00100011  -0.0944  -0.1175  -0.0241  -0.0844    31    27    26    39   -1.1   -2.7   -2.3   -0.6     5    25    20     1
    9.200      231 00100011   0.0671   0.0197   0.0212   0.0010    28    31    25    33   -1.9   -1.5   -2.7   -2.1    23    33    30     8
    9.240      232 00100011   0.0762  -0.0289  -0.0101  -0.0300    31    35    27    35   -1.1   -0.5   -2.0   -1.6    19    10     4    41
    9.280      233 00100011   0.0434  -0.0380   0.0002   0.0082    29    35    30    31   -1.6   -0.5   -1.1   -2.6    17    28    40     4
    9.320      234 00100011   0.0231  -0.0117  -0.0129   0.0017    35    34    39    30    0.0   -0.7    1.2   -2.9    37    38    71    45
    9.360      235 00100011   0.0424   0.0120  -0.0082  -0.0111    46    94    52    44    2.4    8.1    3.7    0.4    73    93    78    54
    9.400      236 00100011   0.0431   0.0171  -0.0076  -0.0126    51   104    35    33    3.3    9.0    0.3   -2.1    76    95    66    25
    9.440      237 00100011   0.0367   0.0139  -0.0089  -0.0113    79   105    28    43    7.1    9.1   -1.7    0.2    92    93    54    45
    9.480      238 00100011   0.0794   0.0218  -0.0225  -0.0173    67    41    29    37    5.6    0.9   -1.4   -1.1    84    56    13    23
    9.520      239 00100011   0.0203  -0.0192  -0.0054  -0.0067    58    36    30    34    4.4   -0.2   -1.1   -1.8    83    32    46    47
    9.560      240 00100011   0.0171   0.0033  -0.0116  -0.0049    54    33    31    46    3.8   -1.0   -0.8    0.8    80    17    44    62
    9.600      241 00100011   0.0291  -0.0025  -0.0106  -0.0092    36    33    28    49    0.2   -1.0   -1.7    1.3    44    25    33    64
    9.640      242 00100011   0.0473   0.0270  -0.0150   0.0013    40    35    30    39    1.2   -0.5   -1.1   -0.6    52    30    49    56
    9.680      243 00100011   0.0333  -0.0038  -0.0152  -0.0021    42    38    33    41    1.6    0.2   -0.3   -0.2    52    44    59    59
    9.720      244 00100011   0.0257   0.0135  -0.0117  -0.0094    37    41    30    39    0.5    0.9   -1.1   -0.6    45    72    57    45
    9.760      245 00100011   0.0263   0.2006  -0.0058  -0.0654    48    44    28    31    2.7    1.5   -1.7   -2.6    68    67    37    16
    9.800      246 00100011  -0.2225  -0.0342   0.0555  -0.0081    38    34    22    30    0.7   -0.7   -3.8   -2.9    56    14    28    30
    9.840      247 00100011  -0.0298  -0.0807   0.0042  -0.0406    38    30    25    34    0.7   -1.8   -2.7   -1.8    43     9     7    25
    9.880      248 00100011   0.0913   0.0371   0.0020   0.0091    34    33    25    50   -0.3   -1.0   -2.7    1.5    24     8    14    52
    9.920      249 00100011  -0.3007  -0.0056   0.0104  -0.0134    30    32    24    37   -1.3   -1.3   -3.0   -1.1    32    11     7    41
    9.960      250 00100011   0.0122   0.0408  -0.0276  -0.0012    31    27    26    40   -1.1   -2.7   -2.3   -0.4    45    24    25    47
   10.000      251 00100011  -0.1992   0.2767   0.0429   0.0551    31    30    22    26   -1.1   -1.8   -3.8   -4.2    37    22    56    28
   10.040      252 00100011  -0.0204   0.1678  -0.0349   0.0358    29    33    28    36   -1.6   -1.0   -1.7   -1.3     9    10    37    26
   10.080      253 00100011  -0.0154  -0.0130  -0.0175  -0.0127    33    36    21    36   -0.5   -0.2   -4.2   -1.3    19    43    34    56
   10.120      254 00100011   0.0823  -0.0021  -0.0161  -0.0092    37    32    29    42    0.5   -1.3   -1.4    0.0    16    33    26    55
   10.160      255 00100011   0.3035   0.0044  -0.0501  -0.0021    28    33    26    40   -1.9   -1.0   -2.3   -0.4    17    26    13    64
   10.200      256 00100011   0.0851   0.1556  -0.0107  -0.0492    28    38    25    31   -1.9    0.2   -2.7   -2.6     9    24    23    24
   10.240      257 00100011   0.1027  -0.0308  -0.0011  -0.0108    31    37    30    40   -1.1    0.0   -1.1   -0.4    15    27    43    47
   10.280      258 00100011  -0.0360  -0.0073   0.0216   0.0022    29    43    26    34   -1.6    1.3   -2.3   -1.8    33    48    38    45
   10.320      259 00100011   0.3751   0.0226   0.0451  -0.0257    35    31    24    32    0.0   -1.5   -3.0   -2.4    25    26    28     5
   10.360      260 00100011   0.0424  -0.2186  -0.0099  -0.0688    27    30    28    34   -2.3   -1.8   -1.7   -1.8    22    14    27    18
   10.400      261 00100011   0.0283   0.2466  -0.0190   0.0251    36    32    40    29    0.2   -1.3    1.4   -3.2    22    19    76    16
   10.440      262 00100011   0.0796  -0.0206  -0.0048  -0.0183    32    33    85    56   -0.8   -1.0    8.0    2.5     6    32    95    82
   10.480      263 00100011   0.0385  -0.0056  -0.0156  -0.0122    49    54   105   101    2.9    3.3    9.8    7.6    62    77    98    94
   10.520      264 00100011   0.0425  -0.0043  -0.0108  -0.0128    65    74    77    92    5.4    6.0    7.1    6.8    93    87    75    90
   10.560      265 00100011   0.0429   0.0007  -0.0123  -0.0185    71    50    46    57    6.1    2.6    2.6    2.7    86    68    64    69
   10.600      266 00100011   0.0412  -0.1107  -0.0117   0.0159    42    35    32    32    1.6   -0.5   -0.5   -2.4    52    25    68    13
   10.640      267 00100011   0.0543  -0.0075  -0.0127  -0.0102    32    40    66    40   -0.8    0.7    5.8   -0.4    13    39    87    70
   10.680      268 00100011   0.0804  -0.0074  -0.0059  -0.0132    36    48    58    52    0.2    2.3    4.6    1.9    25    78    84    77
   10.720      269 00100011   0.0819  -0.0140  -0.0172  -0.0130    31    37    27    41   -1.1    0.0   -2.0   -0.2    31    35    39    32
   10.760      270 00100011  -0.1392   0.0033   0.0722  -0.0191    27    34    25    30   -2.3   -0.7   -2.7   -2.9    27    54    32    23
   10.800      271 00100011   0.0751   0.0356  -0.0072  -0.0318    27    35    32    36   -2.3   -0.5   -0.5   -1.3     2    26    59    21
   10.840      272 00100011   0.0114  -0.0204  -0.0048  -0.0165    33    32    28    39   -0.5   -1.3   -1.7   -0.6    14    28    11    30
   10.880      273 00100011   0.1445  -0.2237   0.0096  -0.0813    33    32    22    34   -0.5   -1.3   -3.8   -1.8    19    30     6    24
   10.920      274 00100011   0.1233   0.2209  -0.0346  -0.0745    29    32    25    32   -1.6   -1.3   -2.7   -2.4    20    46    20    46
   10.960      275 00100011   0.0004  -0.0214  -0.0342  -0.0145    30    32    27    31   -1.3   -1.3   -2.0   -2.6     8    17    26    18
   11.000      276 00100011   0.4885  -0.0127  -0.0382  -0.0189    33    36    26    41   -0.5   -0.2   -2.3   -0.2     5    40    48    29
   11.040      277 00100011   0.1201   0.0367  -0.0289  -0.0270    34    29    23    32   -0.3   -2.1   -3.4   -2.4    43    31    20    31
   11.080      278 00100011   0.0379  -0.0326  -0.0153  -0.0232    36    28    21    34    0.2   -2.4   -4.2   -1.8    38    31    40    27
   11.120      279 00100011   0.0080  -0.0094  -0.0222  -0.0256    33    35    31    31   -0.5   -0.5   -0.8   -2.6    40    40    27    35
   11.160      280 00100011   0.0297  -0.0110  -0.0158  -0.0219    38    32    31    35    0.7   -1.3   -0.8   -1.6    32    44    37    51
   11.200      281 00100011   0.0429   0.0379  -0.0147  -0.0071    37    35    30    35    0.5   -0.5   -1.1   -1.6    40     7    43    34
   11.240      282 00100011   0.2198   0.1724  -0.0506  -0.0750    31    35    28    40   -1.1   -0.5   -1.7   -0.4    58    28    18     3
   11.280      283 00100011   0.2570   0.0017  -0.0747  -0.0118    46    35    23    32    2.4   -0.5   -3.4   -2.4    54    35    31    39
   11.320      284 00100011  -0.2339   0.0220   0.0461  -0.0135    36    36    25    40    0.2   -0.2   -2.7   -0.4    25    17    52    58
   11.360      285 00100011   0.3205  -0.2428   0.0529   0.0436    26    29    28    30   -2.6   -2.1   -1.7   -2.9    30    17    19    36
   11.400      286 00100011   0.0643  -0.0206  -0.0302  -0.0174    34    34    24    42   -0.3   -0.7   -3.0    0.0    26    52    27    77
   11.440      287 00100011   0.0616  -0.0031  -0.0101  -0.0186    33    48    37    41   -0.5    2.3    0.7   -0.2    42    72    58    46
   11.480      288 00100011   0.0616   0.0060  -0.0188  -0.0198    34    43    44    41   -0.3    1.3    2.2   -0.2    40    41    80    25
   11.520      289 00100011   0.0377   0.0141  -0.0189  -0.0153    33    43    45    69   -0.5    1.3    2.4    4.3    20    45    79    83
   11.560      290 00100011   0.0394  -0.0285  -0.0197  -0.0249    44    36    72   112    2.0   -0.2    6.5    8.5    65    25    84    98
   11.600      291 00100011   0.0408   0.0019  -0.0175  -0.0145    54    39    51    99    3.8    0.5    3.5    7.4    80    45    63    86
   11.640      292 00100011   0.0557  -0.0128  -0.0194  -0.0228    43    28    39    52    1.8   -2.4    1.2    1.9    51    14    48    69
   11.680      293 00100011   0.0292   0.0054  -0.0440  -0.0209    31    32    30    48   -1.1   -1.3   -1.1    1.2    22    19    10    62
   11.720      294 00100011   0.1019   0.0114  -0.0285  -0.0142    38    36    25    39    0.7   -0.2   -2.7   -0.6    55    26    27    35
   11.760      295 00100011   0.0010   0.0068  -0.0265  -0.0178    28    32    21    31   -1.9   -1.3   -4.2   -2.6    55    46    30    36
   11.800      296 00100011   0.0327  -0.0033  -0.0268  -0.0073    26    35    23    37   -2.6   -0.5   -3.4   -1.1    31    24    22    53
   11.840      297 00100011  -0.2194   0.0431  -0.0924  -0.0355    28    28    30    33   -1.9   -2.4   -1.1   -2.1    30    13    24    27
   11.880      298 00100011   0.0261  -0.0326  -0.0190  -0.0148    29    36    27    39   -1.6   -0.2   -2.0   -0.6    23    23    43    57
   11.920      299 00100011   0.0371   0.0294  -0.0247  -0.0113    33    33    26    38   -0.5   -1.0   -2.3   -0.9    39    37    27     8
   11.960      300 00100011  -0.0317   0.0013  -0.0092  -0.0288    32    35    33    36   -0.8   -0.5   -0.3   -1.3    39    33    19    16
   12.000      301 00100011   0.0275   0.0017  -0.0231  -0.0205    35    38    57    34    0.0    0.2    4.5   -1.8    25    16    86    41
   12.040      302 00100011   0.0492   0.0033  -0.0231  -0.0181    42    43    78    59    1.6    1.3    7.2    3.0    43    66    95    84
   12.080      303 00100011   0.0519  -0.0176  -0.0213  -0.0234    35    40    50    46    0.0    0.7    3.3    0.8    25    60    88    74
   12.120      304 00100011   0.0059  -0.0092  -0.0153  -0.0344    37    34    26    39    0.5   -0.7   -2.3   -0.6    47    34    19    35
   12.160      305 00100011   0.0295   0.0025  -0.0090  -0.0249    34    36    28    46   -0.3   -0.2   -1.7    0.8    37    45    29    62
   12.200      306 00100011   0.0543  -0.0118  -0.0378  -0.0366    42    35    28    33    1.6   -0.5   -1.7   -2.1    39    10    34    59
   12.240      307 00100011   0.0425  -0.0698  -0.0240  -0.0434    29    33    26    35   -1.6   -1.0   -2.3   -1.6    26    12    41    30
   12.280      308 00100011   0.0486  -0.0453  -0.0276  -0.0290    34    30    35    42   -0.3   -1.8    0.3    0.0    43    22    65    51
   12.320      309 00100011   0.0279  -0.0064  -0.0241  -0.0131    33    39    28    37   -0.5    0.5   -1.7   -1.1    48    40    60    35
   12.360      310 00100011   0.0455   0.0447  -0.0178  -0.0254    43    32    22    36    1.8   -1.3   -3.8   -1.3    54    30    19    45
   12.400      311 00100011   0.0267   0.0429  -0.0310  -0.0308    32    32    27    31   -0.8   -1.3   -2.0   -2.6    25    40    44    26
   12.440      312 00100011  -0.1966  -0.0019   0.0407  -0.0146    33    30    24    39   -0.5   -1.8   -3.0   -0.6    48    15    50    36
   12.480      313 00100011   0.0241  -0.0102  -0.0160  -0.0262    29    34    26    33   -1.6   -0.7   -2.3   -2.1    39    45    43    36
   12.520      314 00100011   0.0590  -0.0318  -0.0294  -0.0275    34    32    30    41   -0.3   -1.3   -1.1   -0.2    53    34    45    37
   12.560      315 00100011   0.0351  -0.0037  -0.0393  -0.0324    29    35    28    38   -1.6   -0.5   -1.7   -0.9    47    32    72    48
   12.600      316 00100011   0.0192   0.0268  -0.0189  -0.0262    31    37    26    36   -1.1    0.0   -2.3   -1.3    44    43    34    63
   12.640      317 00100011   0.2263  -0.1704  -0.0799  -0.0798    36    31    23    42    0.2   -1.5   -3.4    0.0    46     8    24    19
   12.680      318 00100011  -0.0161  -0.0455  -0.0466  -0.0521    35    28    26    34    0.0   -2.4   -2.3   -1.8    19    13    49    33
   12.720      319 00100011   0.0578  -0.0009  -0.0273  -0.0341    28    33    36    42   -1.9   -1.0    0.5    0.0    15    16    58    70
   12.760      320 00100011  -0.2213   0.0027  -0.0992  -0.0293    32    37    45    85   -0.8    0.0    2.4    6.1    21    38    78    91
   12.800      321 00100011  -0.0135  -0.0052  -0.0373  -0.0296    46    41    40    85    2.4    0.9    1.4    6.1    36    44    64    87
   12.840      322 00100011   0.0231  -0.0261  -0.0289  -0.0283    41    40    49    74    1.4    0.7    3.2    4.9    52    35    83    81
   12.880      323 00100011   0.0202  -0.0340  -0.0223  -0.0211    37    36    32    39    0.5   -0.2   -0.5   -0.6    36    32    54    40
   12.920      324 00100011   0.0214   0.0074  -0.0235  -0.0582    42    29    29    32    1.6   -2.1   -1.4   -2.4    35     8    22     9
   12.960      325 00100011   0.0418  -0.0200  -0.0110  -0.0188    32    35    36    33   -0.8   -0.5    0.5   -2.1    21    20    65    39
   13.000      326 00100011  -0.0186  -0.0423  -0.0287  -0.0240    33    34    55    63   -0.5   -0.7    4.2    3.5    39    43    75    85
   13.040      327 00100011   0.0165  -0.0098  -0.0235  -0.0181    32    37    38    83   -0.8    0.0    1.0    5.9    31    49    76    88
   13.080      328 00100011  -0.0298   0.0106  -0.0190  -0.0147    27    30    29    51   -2.3   -1.8   -1.4    1.7    31    38    34    68
   13.120      329 00100011   0.0279  -0.0104  -0.0182  -0.0223    33    31    27    38   -0.5   -1.5   -2.0   -0.9    13    43    37    49
   13.160      330 00100011  -0.0118  -0.0081  -0.0049  -0.0034    28    30    25    39   -1.9   -1.8   -2.7   -0.6    14    36    18    66
   13.200      331 00100011   0.0782  -0.0245  -0.0016  -0.0025    32    36    30    41   -0.8   -0.2   -1.1   -0.2    18    28    22    66
   13.240      332 00100011   0.0825  -0.0558  -0.0039  -0.0037    31    35    28    35   -1.1   -0.5   -1.7   -1.6    33    40    16    26
   13.280      333 00100011   0.0484  -0.0166  -0.0246  -0.0040    37    38    26    42    0.5    0.2   -2.3    0.0    26    59    18    38
   13.320      334 00100011   0.0143  -0.0423  -0.0010   0.0008    44    50    24    35    2.0    2.6   -3.0   -1.6    61    42    25    23
   13.360      335 00100011   0.0040   0.0268   0.0017  -0.0167    37    39    26    33    0.5    0.5   -2.3   -2.1    72    26    15    25
   13.400      336 00100011   0.0572   0.0092  -0.0078  -0.0089    37    55    28    40    0.5    3.4   -1.7   -0.4    46    75    59    21
   13.440      337 00100011   0.0363  -0.0249   0.0002   0.0043    45    61    27    37    2.2    4.3   -2.0   -1.1    66    91    36    48
   13.480      338 00100011   0.0383  -0.0142   0.0009  -0.0038    63    55    26    38    5.1    3.4   -2.3   -0.9    81    78    40    47
   13.520      339 00100011   0.0532   0.0379   0.0035  -0.0067    42    34    28    32    1.6   -0.7   -1.7   -2.4    69    37    32    34
   13.560      340 00100011   0.1105   0.0110  -0.0133  -0.0113    44    40    24    34    2.0    0.7   -3.0   -1.8    62    42    45    26
   13.600      341 00100011   0.0474   0.0082  -0.0031  -0.0121    38    38    27    34    0.7    0.2   -2.0   -1.8    57    47    42    46
   13.640      342 00100011   0.1243   0.0288  -0.0162  -0.0121    32    64    32    34   -0.8    4.8   -0.5   -1.8    32    90    27    51
   13.680      343 00100011   0.0502   0.0416  -0.0080  -0.0141    34    66    29    32   -0.3    5.0   -1.4   -2.4    51    81    29     1
   13.720      344 00100011   0.0061   0.0264  -0.0238  -0.0096    32    34    31    39   -0.8   -0.7   -0.8   -0.6    36    23    32    37
   13.760      345 00100011   0.0604  -0.0306  -0.0162   0.0065    35    38    33    37    0.0    0.2   -0.3   -1.1    24    53    54    42
   13.800      346 00100011   0.0921   0.0041  -0.0122   0.0005    35    27    30    39    0.0   -2.7   -1.1   -0.6    24    43    32    64
   13.840      347 00100011   0.0965   0.0248  -0.0041   0.0019    30    28    27    43   -1.3   -2.4   -2.0    0.2    34    23    28    78
   13.880      348 00100011  -0.0449   0.0497   0.0671   0.0521    29    36    23    32   -1.6   -0.2   -3.4   -2.4    22     4    42    33
   13.920      349 00100011   0.0165  -0.0061   0.0139  -0.0016    32    40    27    37   -0.8    0.7   -2.0   -1.1    31    47    16     4
   13.960      350 00100011   0.0955  -0.0932  -0.0207   0.0162    37    47    27    34    0.5    2.1   -2.0   -1.8    49    67     9    10
   14.000      351 00100011   0.0674   0.0078   0.0012  -0.0016    39    36    34    34    0.9   -0.2    0.0   -1.8    50    36    63    32
   14.040      352 00100011   0.0498   0.0220  -0.0080  -0.0014    33    34    25    44   -0.5   -0.7   -2.7    0.4    32    40    44    41
   14.080      353 00100011   0.1976   0.0122   0.0228   0.0000    32    44    37    38   -0.8    1.5    0.7   -0.9     8    39    53    62
   14.120      354 00100011   0.0624  -0.0502   0.0078   0.0064    32    34    27    28   -0.8   -0.7   -2.0   -3.5    11    46    32    34
   14.160      355 00100011   0.0847   0.0485  -0.0036   0.0109    33    42    35    41   -0.5    1.1    0.3   -0.2    58    17    13    36
   14.200      356 00100011   0.0451   0.0175  -0.0026  -0.0136    37    42    27    37    0.5    1.1   -2.0   -1.1    60    44    35    38
   14.240      357 00100011   0.0536  -0.0494  -0.0049   0.0020    46    38    29    32    2.4    0.2   -1.4   -2.4    46    15    32    28
   14.280      358 00100011   0.0658  -0.0032  -0.0036  -0.0008    35    32    27    33    0.0   -1.3   -2.0   -2.1    46    11    27    51
   14.320      359 00100011   0.0026  -0.0370  -0.0264  -0.0182    32    33    40    48   -0.8   -1.0    1.4    1.2    37    39    78    57
   14.360      360 00100011   0.0451   0.0244  -0.0146  -0.0116    31    40    34    39   -1.1    0.7    0.0   -0.6    31    63    48    49
   14.400      361 00100011   0.0369  -0.0322   0.0019  -0.0026    46    45    27    40    2.4    1.7   -2.0   -0.4    78    39    60    50
   14.440      362 00100011   0.0404   0.0266  -0.0049  -0.0053    45    38    33    40    2.2    0.2   -0.3   -0.4    50    37    36    42
   14.480      363 00100011   0.1088   0.0327  -0.0007  -0.0108    32    36    30    40   -0.8   -0.2   -1.1   -0.4    25    44    55    38
   14.520      364 00100011   0.0243   0.0029  -0.0212  -0.0151    34    30    30    47   -0.3   -1.8   -1.1    1.0    36    55    47    51
   14.560      365 00100011   0.0586  -0.0579  -0.0268  -0.0246    36    26    27    44    0.2   -3.1   -2.0    0.4    20     8    26    29
   14.600      366 00100011   0.0079   0.0104  -0.0118  -0.0077    31    39    26    35   -1.1    0.5   -2.3   -1.6    29    48    21    40
   14.640      367 00100011  -0.1994  -0.0572   0.0462   0.0120    34    43    27    38   -0.3    1.3   -2.0   -0.9    20    44    27    18
   14.680      368 00100011  -0.3058  -0.0423   0.0062   0.0065    31    33    23    36   -1.1   -1.0   -3.4   -1.3    18    27    22    17
   14.720      369 00100011  -0.1851  -0.0887   0.0179  -0.0179    33    38    27    40   -0.5    0.2   -2.0   -0.4    25    22    20    32
   14.760      370 00100011   0.0506  -0.0039  -0.0066  -0.0106    37    44    25    36    0.5    1.5   -2.7   -1.3    27    56    30    14
   14.800      371 00100011   0.0720  -0.1660  -0.0100   0.0363    36    37    31    38    0.2    0.0   -0.8   -0.9    18    42    28     8
   14.840      372 00100011   0.0089   0.0264  -0.0072  -0.0104    35    31    27    29    0.0   -1.5   -2.0   -3.2    56    45    59    53
   14.880      373 00100011   0.0710  -0.0263  -0.0227  -0.0142    39    38    30    42    0.9    0.2   -1.1    0.0    32    26    16    37
   14.920      374 00100011   0.0531  -0.0033  -0.0195  -0.0207    39    36    23    47    0.9   -0.2   -3.4    1.0    56    29    14    38
   14.960      375 00100011   0.0388   0.0147  -0.0151  -0.0149    39    37    27    40    0.9    0.0   -2.0   -0.4    55    48    36    39
   15.000      376 00100011   0.0886   0.0161  -0.0090  -0.0166    33    72    30    40   -0.5    5.8   -1.1   -0.4    55    89    51    56
   15.040      377 00100011   0.0530  -0.0023  -0.0117  -0.0153    40    60    32    43    1.2    4.2   -0.5    0.2    47    83    62    68
   15.080      378 00100011  -0.0007   0.0161   0.0006  -0.0030    37    33    25    32    0.5   -1.0   -2.7   -2.4    68    20    48    46
   15.120      379 00100011  -0.2242   0.0126   0.0561  -0.0146    35    36    25    35    0.0   -0.2   -2.7   -1.6    52    36    33    19
   15.160      380 00100011   0.0732  -0.0245  -0.0083  -0.0121    29    34    28    56   -1.6   -0.7   -1.7    2.5    34    27    26    87
   15.200      381 00100011   0.0351  -0.0237  -0.0181  -0.0158    27    37    42    75   -2.3    0.0    1.8    5.0    11    49    86    94
   15.240      382 00100011   0.0492  -0.0119  -0.0094  -0.0117    34    48    33    62   -0.3    2.3   -0.3    3.4    57    70    66    83
   15.280      383 00100011   0.0548  -0.0253  -0.0017  -0.0122    40    41    26    50    1.2    0.9   -2.3    1.5    48    28    10    56
   15.320      384 00100011   0.2005   0.0031  -0.0494  -0.0222    33    36    23    45   -0.5   -0.2   -3.4    0.6    35    19     9    50
   15.360      385 00100011   0.0263  -0.0188  -0.0147  -0.0046    33    45    26    40   -0.5    1.7   -2.3   -0.4    13    75    40    51
   15.400      386 00100011   0.1072  -0.0105  -0.0223  -0.0057    31    42    26    35   -1.1    1.1   -2.3   -1.6    13    18    33    22
   15.440      387 00100011   0.0572   0.0104  -0.0121  -0.0184    33    36    25    36   -0.5   -0.2   -2.7   -1.3    53    31    17    38
   15.480      388 00100011   0.0551  -0.0041  -0.0119  -0.0097    32    40    28    38   -0.8    0.7   -1.7   -0.9    19    53    15    34
   15.520      389 00100011   0.2690  -0.0324  -0.0554   0.0010    34    34    24    35   -0.3   -0.7   -3.0   -1.6    65    35    34    35
   15.560      390 00100011  -0.2974   0.0629   0.0781  -0.0265    31    32    27    34   -1.1   -1.3   -2.0   -1.8    43    20    35    16
   15.600      391 00100011  -0.2184   0.4673   0.0695   0.0022    28    30    27    38   -1.9   -1.8   -2.0   -0.9    55    49    49    28
   15.640      392 00100011   0.1827   0.1345  -0.0100  -0.0190    32    31    26    32   -0.8   -1.5   -2.3   -2.4    34    25    38    11
   15.680      393 00100011  -0.2305   0.0043  -0.0796  -0.0281    30    30    25    35   -1.3   -1.8   -2.7   -1.6    17    43    10    52
   15.720      394 00100011   0.0287   0.0342  -0.0194  -0.0346    31    40    26    29   -1.1    0.7   -2.3   -3.2     9    37    40    12
   15.760      395 00100011   0.0528   0.0526  -0.0126  -0.0230    32    42    31    39   -0.8    1.1   -0.8   -0.6    13    40    49    32
   15.800      396 00100011   0.0209   0.0579   0.0010  -0.0233    32    53    27    32   -0.8    3.1   -2.0   -2.4    51    77    43     7
   15.840      397 00100011   0.0221   0.0151  -0.0064  -0.0086    45    40    27    36    2.2    0.7   -2.0   -1.3    76    67    51    52
   15.880      398 00100011   0.0534   0.0193  -0.0109  -0.0092    47    45    25    28    2.6    1.7   -2.7   -3.5    64    70    26    54
   15.920      399 00100011  -0.0918  -0.0089   0.0242  -0.0059    47    42    26    35    2.6    1.1   -2.3   -1.6    69    34     7    69
   15.960      400 00100011  -0.1972   0.1104  -0.0755  -0.0803    30    31    29    34   -1.3   -1.5   -1.4   -1.8    41    36    56    32
   16.000      401 00100011   0.1989  -0.0543  -0.0359  -0.0827    36    35    27    30    0.2   -0.5   -2.0   -2.9    50    12    22    23
   16.040      402 00100011   0.1406  -0.1138   0.0128  -0.0704    33    30    31    36   -0.5   -1.8   -0.8   -1.3    17    33    30    16
   16.080      403 00100011   0.1324   0.0268   0.0104  -0.0025    34    34    35    40   -0.3   -0.7    0.3   -0.4    12    16    66    47
   16.120      404 00100011   0.0537   0.0080  -0.0105  -0.0129    40    35    30    41    1.2   -0.5   -1.1   -0.2    66    42    50    51
   16.160      405 00100011   0.0063   0.0195   0.0048  -0.0022    39    40    24    41    0.9    0.7   -3.0   -0.2    70    59    42    55
   16.200      406 00100011   0.0439  -0.0007  -0.0128  -0.0043    36    36    43    32    0.2   -0.2    2.0   -2.4    47    14    67    19
   16.240      407 00100011   0.1053   0.0110  -0.0014  -0.0086    33    55    52    44   -0.5    3.4    3.7    0.4    29    78    89    50
   16.280      408 00100011   0.0496  -0.0212  -0.0147  -0.0052    40    92    57    32    1.2    7.9    4.5   -2.4    59    96    86    46
   16.320      409 00100011   0.0708   0.0037  -0.0090  -0.0095    39    80    32    35    0.9    6.7   -0.5   -1.6    43    85    62    48
   16.360      410 00100011  -0.0538   0.2469   0.0180  -0.0712    38    44    31    35    0.7    1.5   -0.8   -1.6    52    49     4    47
   16.400      411 00100011   0.0686  -0.1926  -0.0216  -0.0771    32    28    26    35   -0.8   -2.4   -2.3   -1.6     5    42    42    46
   16.440      412 00100011  -0.0329   0.0254  -0.0288  -0.0106    34    39    27    34   -0.3    0.5   -2.0   -1.8    40    14    47    28
   16.480      413 00100011   0.0506   0.0455  -0.0272  -0.0186    30    33    26    32   -1.3   -1.0   -2.3   -2.4    34    44    54    37
   16.520      414 00100011   0.1657   0.0440   0.0179  -0.0066    34    37    44    39   -0.3    0.0    2.2   -0.6     6    15    74    54
   16.560      415 00100011   0.0533   0.0076  -0.0135  -0.0129    39    40    34    47    0.9    0.7    0.0    1.0    55    56    63    64
   16.600      416 00100011   0.0099  -0.0342   0.0012   0.0010    43    32    28    31    1.8   -1.3   -1.7   -2.6    72    61    22    53
   16.640      417 00100011   0.0856  -0.0314  -0.0301  -0.0211    31    32    22    39   -1.1   -1.3   -3.8   -0.6    43    30    26    23
   16.680      418 00100011  -0.0042  -0.0671  -0.0292   0.0014    32    35    31    30   -0.8   -0.5   -0.8   -2.9    40    53    42    26
   16.720      419 00100011  -0.2146  -0.0184  -0.0609  -0.0122    28    38    29    42   -1.9    0.2   -1.4    0.0    29    63    48    61
   16.760      420 00100011  -0.0024  -0.0009  -0.0367  -0.0180    32    37    26    42   -0.8    0.0   -2.3    0.0    13    41    43    46
   16.800      421 00100011   0.2805   0.2136  -0.0461   0.0714    29    31    28    41   -1.6   -1.5   -1.7   -0.2    37    16    19    27
   16.840      422 00100011   0.1566   0.0487   0.0466   0.0050    30    29    28    35   -1.3   -2.1   -1.7   -1.6     9    34    46    42
   16.880      423 00100011   0.2061   0.0062   0.0381  -0.0059    30    40    31    41   -1.3    0.7   -0.8   -0.2    20    31    48    64
   16.920      424 00100011   0.0457  -0.0271  -0.0081  -0.0033    36    31    29    42    0.2   -1.5   -1.4    0.0    24    52    64    54
   16.960      425 00100011   0.0063  -0.0162  -0.0097  -0.0064    39    41    28    42    0.9    0.9   -1.7    0.0    53    35    53    51
   17.000      426 00100011   0.0416  -0.0115  -0.0059   0.0014    32    37    28    33   -0.8    0.0   -1.7   -2.1    43    38    52    55
   17.040      427 00100011   0.1029  -0.0926  -0.0125  -0.0360    32    31    26    34   -0.8   -1.5   -2.3   -1.8    30    27    28    42
   17.080      428 00100011   0.0451   0.0540  -0.0032  -0.0216    29    40    25    35   -1.6    0.7   -2.7   -1.6     9    45    45    56
   17.120      429 00100011   0.0541   0.0536  -0.0156  -0.0033    28    42    25    30   -1.9    1.1   -2.7   -2.9    51    13    59    44
   17.160      430 00100011   0.0596  -0.0213  -0.0242  -0.0041    32    36    30    40   -0.8   -0.2   -1.1   -0.4    36    47    37    51
   17.200      431 00100011   0.0345   0.0358  -0.0236  -0.0339    28    29    31    33   -1.9   -2.1   -0.8   -2.1    29    46    26     3
   17.240      432 00100011  -0.2388  -0.0032   0.0285   0.0253    33    30    21    31   -0.5   -1.8   -4.2   -2.6    13    27    12    18
   17.280      433 00100011   0.0155   0.0258   0.0008  -0.0031    31    37    28    36   -1.1    0.0   -1.7   -1.3    74    22    29    33
   17.320      434 00100011   0.1186  -0.0098   0.0018  -0.0169    32    33    27    39   -0.8   -1.0   -2.0   -0.6    16    36    46    35
   17.360      435 00100011   0.0596   0.0060  -0.0189  -0.0073    32    45    27    31   -0.8    1.7   -2.0   -2.6    20    74    15    31
   17.400      436 00100011   0.0392   0.0335  -0.0083  -0.0104    40    46    26    33    1.2    1.9   -2.3   -2.1    39    72    27    40
   17.440      437 00100011   0.1134   0.0634  -0.0116  -0.0051    39    36    27    36    0.9   -0.2   -2.0   -1.3    53    19    47    46
   17.480      438 00100011   0.0355   0.0242  -0.0095  -0.0242    40    32    26    31    1.2   -1.3   -2.3   -2.6    54    51    35    36
   17.520      439 00100011   0.2465  -0.0350   0.0499  -0.0160    33    35    27    34   -0.5   -0.5   -2.0   -1.8    18    52    42    45
   17.560      440 00100011   0.0269   0.0078  -0.0059  -0.0006    28    41    26    34   -1.9    0.9   -2.3   -1.8    30    42    54    46
   17.600      441 00100011   0.0124  -0.0208  -0.0091  -0.0040    30    33    27    44   -1.3   -1.0   -2.0    0.4    38    62    35    23
   17.640      442 00100011  -0.0564  -0.0050  -0.0192  -0.0082    29    36    36    44   -1.6   -0.2    0.5    0.4    20    31    36    66
   17.680      443 00100011   0.0855   0.0220  -0.0018   0.0023    37    37    28    40    0.5    0.0   -1.7   -0.4    42    51    28    13
   17.720      444 00100011   0.1315   0.0086   0.0036  -0.0109    34    43    27    46   -0.3    1.3   -2.0    0.8     9    52    31    27
   17.760      445 00100011   0.0259  -0.0142   0.0087   0.0064    37    39    27    33    0.5    0.5   -2.0   -2.1    38    50    20    47
   17.800      446 00100011   0.0067   0.0058   0.0003  -0.0065    35    35    27    41    0.0   -0.5   -2.0   -0.2    36    43    40    46
   17.840      447 00100011   0.0104   0.0066  -0.0142  -0.0072    29    32    42    41   -1.6   -1.3    1.8   -0.2    63    16    64    72
   17.880      448 00100011   0.0528  -0.0083  -0.0112  -0.0027    33    38    28    47   -0.5    0.2   -1.7    1.0    67    47    47    59
   17.920      449 00100011   0.0227  -0.0099  -0.0019  -0.0038    45    36    28    32    2.2   -0.2   -1.7   -2.4    58    35    24    46
   17.960      450 00100011   0.0893   0.0151  -0.0044   0.0168    34    34    26    36   -0.3   -0.7   -2.3   -1.3    25    13    16    10
   18.000      451 00100011  -0.1461  -0.0025  -0.0469  -0.0056    32    39    34    41   -0.8    0.5    0.0   -0.2    12    40    50    34
   18.040      452 00100011   0.0327   0.0058  -0.0039   0.0045    32    48    25    38   -0.8    2.3   -2.7   -0.9    42    70    39    55
   18.080      453 00100011   0.0506  -0.0283  -0.0019   0.0086    47    35    29    39    2.6   -0.5   -1.4   -0.6    60    68    41    58
   18.120      454 00100011   0.0431   0.0305  -0.0085  -0.0070    32    41    31    36   -0.8    0.9   -0.8   -1.3    61    47    51    45
   18.160      455 00100011   0.0502   0.0398  -0.0109  -0.0126    34    33    26    43   -0.3   -1.0   -2.3    0.2    37    64    34    52
   18.200      456 00100011   0.0624   0.0313  -0.0145  -0.0097    38    33    29    29    0.7   -1.0   -1.4   -3.2    62    53    23    43
   18.240      457 00100011   0.0285  -0.0080  -0.0033  -0.0211    38    36    33    36    0.7   -0.2   -0.3   -1.3    59    54    73    35
   18.280      458 00100011   0.0510   0.0011  -0.0082  -0.0030    38    41    32    40    0.7    0.9   -0.5   -0.4    42    48    84    60
   18.320      459 00100011   0.0351   0.0129  -0.0083  -0.0051    54    60    26    45    3.8    4.2   -2.3    0.6    67    87    59    84
   18.360      460 00100011   0.0373   0.0143  -0.0070  -0.0068    61    64    37    49    4.8    4.8    0.7    1.3    84    83    73    68
   18.400      461 00100011   0.0375   0.0011  -0.0078  -0.0054    44    52    70    60    2.0    3.0    6.3    3.1    76    78    94    85
   18.440      462 00100011   0.0418   0.0001  -0.0078  -0.0059    52    95    68    70    3.4    8.2    6.0    4.4    86    94    95    88
   18.480      463 00100011   0.0424   0.0108  -0.0040  -0.0055    73    87    42    51    6.4    7.4    1.8    1.7    92    92    73    56
   18.520      464 00100011  -0.0148  -0.0592   0.0119   0.0059    83    49    24    29    7.5    2.4   -3.0   -3.2    84    65    11    37
   18.560      465 00100011   0.0717  -0.0376  -0.0129   0.0033    60    35    28    39    4.7   -0.5   -1.7   -0.6    82    57    32    28
   18.600      466 00100011   0.0978   0.0351   0.0085   0.0057    28    34    30    41   -1.9   -0.7   -1.1   -0.2    46    42    49    59
   18.640      467 00100011   0.0544   0.0205  -0.0060  -0.0041    35    34    37    59    0.0   -0.7    0.7    3.0    47    46    51    65
   18.680      468 00100011   0.0542  -0.0411   0.0094  -0.0126    29    38    30    44   -1.6    0.2   -1.1    0.4    58    42    48    65
   18.720      469 00100011   0.0008   0.0143   0.0025   0.0077    35    36    29    34    0.0   -0.2   -1.4   -1.8    40    52    17    52
   18.760      470 00100011   0.0398   0.0149   0.0057  -0.0134    33    30    24    35   -0.5   -1.8   -3.0   -1.6    65    45    19    61
   18.800      471 00100011  -0.1698  -0.0294   0.0392   0.0316    33    35    23    32   -0.5   -0.5   -3.4   -2.4    37    33    18    30
   18.840      472 00100011   0.0108   0.0214  -0.0107  -0.0107    32    30    27    31   -0.8   -1.8   -2.0   -2.6    22    49    18    38
   18.880      473 00100011   0.0287  -0.0886   0.0111  -0.0249    32    37    25    32   -0.8    0.0   -2.7   -2.4    20     5    40    36
   18.920      474 00100011  -0.1428  -0.0225  -0.0295   0.0003    29    43    24    36   -1.6    1.3   -3.0   -1.3    39    50    17    39
   18.960      475 00100011  -0.0629   0.0159   0.0332  -0.0057    30    43    29    40   -1.3    1.3   -1.4   -0.4    21    69    44    24
   19.000      476 00100011  -0.0084  -0.0168   0.0009   0.0004    29    35    26    42   -1.6   -0.5   -2.3    0.0    24    38    35    44
   19.040      477 00100011  -0.0021   0.0992   0.0083  -0.0137    31    42    27    37   -1.1    1.1   -2.0   -1.1    45    49    28    27
   19.080      478 00100011   0.2567   0.0660  -0.0881  -0.0162    29    42    29    34   -1.6    1.1   -1.4   -1.8    16    56    45    42
   19.120      479 00100011  -0.0861   0.0394   0.0302  -0.0067    44    51    23    30    2.0    2.8   -3.4   -2.9    72    69    39    18
   19.160      480 00100011  -0.0824  -0.0598   0.0361   0.0192    46    41    24    33    2.4    0.9   -3.0   -2.1    55    48    41    44
   19.200      481 00100011   0.0135  -0.1210   0.0083   0.0308    32    37    29    35   -0.8    0.0   -1.4   -1.6    39    41    26    15
   19.240      482 00100011   0.0210  -0.0590   0.0127   0.0133    34    40    30    31   -0.3    0.7   -1.1   -2.6    38    49    40    21
   19.280      483 00100011   0.0625   0.0339   0.0491   0.0050    32    35    25    36   -0.8   -0.5   -2.7   -1.3    35    47    23    19
   19.320      484 00100011   0.0504   0.0268   0.0170   0.0083    32    32    28    37   -0.8   -1.3   -1.7   -1.1    27    45    11    18
   19.360      485 00100011   0.0626  -0.0126   0.0096  -0.0077    32    33    29    37   -0.8   -1.0   -1.4   -1.1    35    47    36    51
   19.400      486 00100011  -0.0978  -0.0061   0.0333   0.0052    27    36    32    37   -2.3   -0.2   -0.5   -1.1    28    55     6    44
   19.440      487 00100011   0.0191   0.0050  -0.0080  -0.0005    31    56    33    35   -1.1    3.6   -0.3   -1.6    46    75    73    44
   19.480      488 00100011   0.0700   0.0163   0.0006  -0.0053    36    70    31    36    0.2    5.5   -0.8   -1.3    56    91    31    32
   19.520      489 00100011   0.0480   0.0033  -0.0003  -0.0052    40    40    33    40    1.2    0.7   -0.3   -0.4    25    26    37    40
   19.560      490 00100011   0.0151  -0.0381  -0.0058   0.0078    34    30    45    36   -0.3   -1.8    2.4   -1.3    17    27    69    60
   19.600      491 00100011   0.0837   0.0331   0.0032   0.0032    31    34    58    73   -1.1   -0.7    4.6    4.8    18    61    86    91
   19.640      492 00100011   0.0443  -0.0065  -0.0046  -0.0067    35    37    64    97    0.0    0.0    5.5    7.3     9    65    89    91
   19.680      493 00100011   0.0198  -0.0211  -0.0147  -0.0077    38    44    44    63    0.7    1.5    2.2    3.5    20    45    57    75
   19.720      494 00100011   0.0963   0.0076  -0.0215  -0.0095    38    46    31    51    0.7    1.9   -0.8    1.7    58    54     6    68
   19.760      495 00100011   0.0729  -0.0492  -0.0124   0.0047    50    45    30    35    3.1    1.7   -1.1   -1.6    61    64    54    39
   19.800      496 00100011  -0.0264  -0.0930   0.0179   0.0211    35    50    26    35    0.0    2.6   -2.3   -1.6    48    76     2     8
   19.840      497 00100011   0.0492   0.0187   0.0014  -0.0063    37    40    31    43    0.5    0.7   -0.8    0.2    31    72    19    57
   19.880      498 00100011   0.0189  -0.0051   0.0037  -0.0077    46    59    26    44    2.4    4.1   -2.3    0.4    76    77    42    49
   19.920      499 00100011   0.0698  -0.0263  -0.0158  -0.0008    53    59    26    34    3.6    4.1   -2.3   -1.8    75    66    46    40
   19.960      500 00100011  -0.1247  -0.0255   0.0339  -0.0209    48    42    24    37    2.7    1.1   -3.0   -1.1    64    17    13    37
   20.000      501 00100011   0.0345  -0.0164  -0.0086  -0.0096    38    30    39    37    0.7   -1.8    1.2   -1.1    50    41    80    62
   20.040      502 00100011   0.0337   0.0009  -0.0100  -0.0072    42    35    37    62    1.6   -0.5    0.7    3.4    65    35    72    86
   20.080      503 00100011   0.0851  -0.0081  -0.0082  -0.0031    42    38    29    45    1.6    0.2   -1.4    0.6    42    32    23    42
   20.120      504 00100011   0.0335  -0.0107  -0.0036  -0.0037    43    38    28    38    1.8    0.2   -1.7   -0.9    65    58    42    82
   20.160      505 00100011   0.0245   0.1220  -0.0092  -0.0072    34    37    40    39   -0.3    0.0    1.4   -0.6    36    17    64     6
   20.200      506 00100011   0.0261  -0.0389  -0.0072  -0.0117    34    32    62    50   -0.3   -1.3    5.2    1.5    30    33    88    84
   20.240      507 00100011   0.0412  -0.0093  -0.0058  -0.0062    32    44    91    83   -0.8    1.5    8.6    5.9    17    57    94    87
   20.280      508 00100011   0.0173  -0.0027  -0.0113  -0.0055    39    58   115    70    0.9    3.9   10.6    4.4    31    82    99    83
   20.320      509 00100011   0.0432  -0.0015  -0.0043  -0.0036    48    47   114   102    2.7    2.1   10.5    7.7    55    59    98    96
   20.360      510 00100011   0.0390  -0.0013  -0.0060  -0.0044    60    71   118   113    4.7    5.7   10.8    8.6    90    93    97    98
   20.400      511 00100011   0.0329  -0.0043  -0.0075  -0.0057    60   109   105   109    4.7    9.4    9.8    8.3    86    96    98    96
   20.440      512 00100011   0.0349  -0.0029  -0.0061  -0.0051    73    60    60    85    6.4    4.2    4.9    6.1    86    88    88    94
   20.480      513 00100011   0.0439  -0.0001  -0.0092  -0.0086    67    36    40    59    5.6   -0.2    1.4    3.0    87    28    73    73
   20.520      514 00100011   0.0453   0.0218  -0.0052  -0.0183    53    38    30    40    3.6    0.2   -1.1   -0.4    77    21    38    36
   20.560      515 00100011   0.0237  -0.0344  -0.0063  -0.0061    41    31    35    37    1.4   -1.5    0.3   -1.1    68    44    73    68
   20.600      516 00100011   0.0233  -0.2428  -0.0037   0.0563    30    41    43    38   -1.3    0.9    2.0   -0.9    66    68    82    32
   20.640      517 00100011  -0.0276  -0.0130  -0.0323  -0.0048    33    40    33    49   -0.5    0.7   -0.3    1.3    27    39    64    68
   20.680      518 00100011   0.0165   0.0404  -0.0033   0.0038    32    37    31    47   -0.8    0.0   -0.8    1.0    48    19    35    68
   20.720      519 00100011   0.0455  -0.0150  -0.0036  -0.0059    40    36    33    48    1.2   -0.2   -0.3    1.2    28    30    70    68
   20.760      520 00100011   0.0835  -0.0395   0.0036  -0.0186    31    33    37    58   -1.1   -1.0    0.7    2.8    11    40    77    81
   20.800      521 00100011   0.0137   0.0078  -0.0226  -0.0107    33    37    31    64   -0.5    0.0   -0.8    3.7    29    66    62    77
   20.840      522 00100011  -0.0466  -0.0198  -0.0283  -0.0157    32    37    33    46   -0.8    0.0   -0.3    0.8    35    37    40    56
   20.880      523 00100011  -0.0530  -0.0035   0.0501  -0.0079    30    40    24    40   -1.3    0.7   -3.0   -0.4    30    52    10    39
   20.920      524 00100011  -0.2898   0.0131   0.0378  -0.0150    28    50    22    40   -1.9    2.6   -3.8   -0.4    18    77     2    47
